10.0000 3.5000 2.0000 5.0000 H-BAK7 1.568832 56.0596
3.5000 10.0000 2.0000 5.0000 H-BAK7 1.568832 56.0596
6.4600 6.4600 3.8000 5.5000 H-LAF10 1.787999 47.4880
10.3600 7.1880 2.6000 6.3000 H-BAK2 1.539964 59.7303
7.1880 10.3600 2.6000 6.3000 H-BAK2 1.539964 59.7303
3.7060 0.0000 3.9800 6.8000 H-LAK51 1.696798 55.5129
0.0000 3.7060 3.9800 6.8000 H-LAK51 1.696798 55.5129
21.7000 0.0000 1.5000 7.0000 H-F4 1.620047 36.3479
0.0000 21.7000 1.5000 7.0000 H-F4 1.620047 36.3479
19.4980 19.4980 2.0000 7.5000 H-ZK11 1.638543 55.4715
12.0780 16.2660 7.8000 7.8000 H-ZK9 1.620405 60.2951
16.2660 12.0780 7.8000 7.8000 H-ZK9 1.620405 60.2951
71.6100 0.0000 1.7200 8.0000 H-K9L 1.516797 64.2124
0.0000 71.6100 1.7200 8.0000 H-K9L 1.516797 64.2124
25.7600 182.2300 1.5000 8.0000 H-ZF7LA 1.805189 25.4773
182.2300 25.7600 1.5000 8.0000 H-ZF7LA 1.805189 25.4773
7.7500 8.6000 3.3000 8.0000 H-LAK10 1.651133 55.9038
8.6000 7.7500 3.3000 8.0000 H-LAK10 1.651133 55.9038
12.2110 0.0000 1.7310 8.5000 H-FK61 1.496998 81.5947
0.0000 12.2110 1.7310 8.5000 H-FK61 1.496998 81.5947
9.2040 11.5350 3.0000 9.0000 H-K9 1.5164 64.0800
11.5350 9.2040 3.0000 9.0000 H-K9 1.5164 64.0800
23.5500 149.2450 3.3000 9.0000 ZF13 1.784724 25.7541
149.2450 23.5500 3.3000 9.0000 ZF13 1.784724 25.7541
48.4990 16.5510 2.4600 9.0000 H-F4 1.620047 36.3479
16.5510 48.4990 2.4600 9.0000 H-F4 1.620047 36.3479
7.3970 43.0000 2.2500 9.0000 H-K9L 1.516797 64.2124
43.0000 7.3970 2.2500 9.0000 H-K9L 1.516797 64.2124
9.2040 11.5350 3.0000 9.0000 H-K9 1.5164 64.1170
11.5350 9.2040 3.0000 9.0000 H-K9 1.5164 64.1170
122.7300 14.4540 2.6000 9.5000 H-ZK11 1.638543 55.4715
14.4540 122.7300 2.6000 9.5000 H-ZK11 1.638543 55.4715
9.3760 117.2200 9.5000 9.5000 H-ZBAF3 1.656914 51.1566
117.2200 9.3760 9.5000 9.5000 H-ZBAF3 1.656914 51.1566
7.7800 0.0000 3.8000 10.0000 H-K9 1.5164 64.1170
0.0000 7.7800 3.8000 10.0000 H-K9 1.5164 64.1170
36.3810 36.3810 1.6640 10.4000 H-LAK52 1.729164 54.6690
21.5000 21.5000 2.2000 11.0000 H-ZBAF21 1.723418 38.0220
77.8700 16.1300 3.0000 11.8000 H-ZF72 1.922867 18.8955
16.1300 77.8700 3.0000 11.8000 H-ZF72 1.922867 18.8955
10.0100 75.6800 4.0000 12.0000 N-BAK2 1.539960 59.7100
75.6800 10.0100 4.0000 12.0000 N-BAK2 1.539960 59.7100
39.0800 12.8530 4.0000 12.0000 H-K9 1.5164 64.0800
12.8530 39.0800 4.0000 12.0000 H-K9 1.5164 64.0800
14.7570 146.1860 2.3000 12.0000 H-F4 1.620047 36.3479
146.1860 14.7570 2.3000 12.0000 H-F4 1.620047 36.3479
29.4100 0.0000 3.0000 12.0000 BAF5 1.605623 43.8903
0.0000 29.4100 3.0000 12.0000 BAF5 1.605623 43.8903
30.5500 30.5500 3.0000 12.0000 H-K9 1.5164 64.0800
16.4300 12.8640 4.0000 12.5000 H-ZK50 1.607382 56.6670
12.8640 16.4300 4.0000 12.5000 H-ZK50 1.607382 56.6670
40.6800 20.1200 2.5000 12.5000 H-BAK7 1.568832 56.0596
20.1200 40.6800 2.5000 12.5000 H-BAK7 1.568832 56.0596
14.6070 32.2000 3.5000 12.5000 H-K9L 1.516797 64.2124
32.2000 14.6070 3.5000 12.5000 H-K9L 1.516797 64.2124
14.2900 13.7600 4.0000 12.7000 H-LAK8A 1.720000 50.3520
13.7600 14.2900 4.0000 12.7000 H-LAK8A 1.720000 50.3520
38.3600 34.9600 2.5000 12.7000 H-K9L 1.516797 64.2124
34.9600 38.3600 2.5000 12.7000 H-K9L 1.516797 64.2124
26.3400 22.6400 4.0000 12.7000 H-K9 1.5164 64.0800
22.6400 26.3400 4.0000 12.7000 H-K9 1.5164 64.0800
38.8600 34.9600 2.5000 12.7000 H-K9 1.5164 64.0800
34.9600 38.8600 2.5000 12.7000 H-K9 1.5164 64.0800
16.7500 13.8200 4.0000 12.7000 H-K9 1.5164 64.0800
13.8200 16.7500 4.0000 12.7000 H-K9 1.5164 64.0800
19.1200 17.8200 4.0000 12.7000 H-LAK8A 1.720000 50.3520
17.8200 19.1200 4.0000 12.7000 H-LAK8A 1.720000 50.3520
13.6140 40.7300 4.2500 13.0000 H-ZF2 1.672702 32.1789
40.7300 13.6140 4.2500 13.0000 H-ZF2 1.672702 32.1789
89.1300 21.4600 4.5000 13.0000 H-LAF10 1.787999 47.4880
21.4600 89.1300 4.5000 13.0000 H-LAF10 1.787999 47.4880
0.0000 28.4500 4.1000 13.0000 H-LAF10 1.787999 47.4880
28.4500 0.0000 4.1000 13.0000 H-LAF10 1.787999 47.4880
39.0800 12.8530 4.0000 13.0000 H-K9 1.5164 64.0800
12.8530 39.0800 4.0000 13.0000 H-K9 1.5164 64.0800
75.6800 10.0100 4.0000 13.0000 H-BAK2 1.539964 59.7303
10.0100 75.6800 4.0000 13.0000 H-BAK2 1.539964 59.7303
11.6950 11.6950 5.1000 13.2000 H-ZK7 1.613095 60.6144
13.4000 44.0000 4.0000 13.5000 H-ZK9 1.620405 60.2951
44.0000 13.4000 4.0000 13.5000 H-ZK9 1.620405 60.2951
13.0620 147.9100 2.9000 13.6000 H-ZK11 1.638543 55.4715
147.9100 13.0620 2.9000 13.6000 H-ZK11 1.638543 55.4715
26.9200 26.9200 2.3000 13.6000 H-ZK9B 1.620412 60.3739
115.3300 26.9200 1.8000 13.6000 H-ZF3 1.717361 29.5100
26.9200 115.3300 1.8000 13.6000 H-ZF3 1.717361 29.5100
14.0600 9.5500 6.2000 14.0000 H-ZK3 1.589128 61.2476
9.5500 14.0600 6.2000 14.0000 H-ZK3 1.589128 61.2476
161.5200 12.8200 3.5000 14.0000 H-BAF8 1.626044 39.0789
12.8200 161.5200 3.5000 14.0000 H-BAF8 1.626044 39.0789
78.8900 29.0400 1.9800 14.0000 BAF4 1.582712 46.5059
29.0400 78.8900 1.9800 14.0000 BAF4 1.582712 46.5059
161.0600 12.8200 3.5000 14.0000 H-BAF8 1.626044 39.0789
12.8200 161.0600 3.5000 14.0000 H-BAF8 1.626044 39.0789
55.0500 44.6600 5.0000 14.0000 H-ZK50 1.607382 56.6670
44.6600 55.0500 5.0000 14.0000 H-ZK50 1.607382 56.6670
13.8500 0.0000 3.2000 14.5000 H-ZK3 1.589128 61.2476
0.0000 13.8500 3.2000 14.5000 H-ZK3 1.589128 61.2476
24.5000 16.8660 4.5000 14.8000 H-K9 1.5164 64.0800
16.8660 24.5000 4.5000 14.8000 H-K9 1.5164 64.0800
20.2080 13.3900 4.5000 14.9000 H-ZBAF50 1.658439 50.8665
13.3900 20.2080 4.5000 14.9000 H-ZBAF50 1.658439 50.8665
12.4450 12.4450 6.2000 15.0000 H-BAK7 1.568832 56.0596
23.9900 9.8170 4.1000 15.0000 ZF3 1.717365 29.5104
9.8170 23.9900 4.1000 15.0000 ZF3 1.717365 29.5104
9.2900 11.1690 8.5000 15.0000 H-ZK3 1.589128 61.2476
11.1690 9.2900 8.5000 15.0000 H-ZK3 1.589128 61.2476
20.7200 13.1700 6.0000 15.0000 BAF10 1.670030 47.0499
13.1700 20.7200 6.0000 15.0000 BAF10 1.670030 47.0499
19.6700 999.0000 5.0000 15.0000 H-LAK7A 1.713004 53.8681
999.0000 19.6700 5.0000 15.0000 H-LAK7A 1.713004 53.8681
92.4000 48.1800 8.0000 15.0000 H-LAK10 1.651133 55.9038
48.1800 92.4000 8.0000 15.0000 H-LAK10 1.651133 55.9038
80.0000 20.5800 3.0000 15.5000 H-K9L 1.516797 64.2124
20.5800 80.0000 3.0000 15.5000 H-K9L 1.516797 64.2124
12.8000 12.8000 6.5000 15.5000 H-ZK9 1.620405 60.2951
16.5930 18.3000 5.3000 15.5000 H-ZPK7 1.569070 71.3066
18.3000 16.5930 5.3000 15.5000 H-ZPK7 1.569070 71.3066
41.8570 16.6190 3.8000 15.7000 S-LAL59 1.733997 51.4706
16.6190 41.8570 3.8000 15.7000 S-LAL59 1.733997 51.4706
13.1220 13.1220 6.5000 16.0000 H-ZK9 1.620405 60.2951
83.3350 17.5000 3.4000 16.0000 H-ZK3 1.589128 61.2476
17.5000 83.3350 3.4000 16.0000 H-ZK3 1.589128 61.2476
11.4000 13.0000 7.3000 16.0000 H-ZK21 1.622995 58.1542
13.0000 11.4000 7.3000 16.0000 H-ZK21 1.622995 58.1542
16.9600 33.0000 4.2000 16.0000 H-ZK9 1.620405 60.2951
33.0000 16.9600 4.2000 16.0000 H-ZK9 1.620405 60.2951
27.2900 27.2900 3.8500 16.0000 H-LAF3B 1.744004 44.9042
22.0600 32.8500 4.1000 16.0000 H-LAF3B 1.744004 44.9042
32.8500 22.0600 4.1000 16.0000 H-LAF3B 1.744004 44.9042
16.3420 13.8273 5.6730 16.2000 H-ZLAF69 1.816001 46.5692
13.8273 16.3420 5.6730 16.2000 H-ZLAF69 1.816001 46.5692
98.1700 48.9800 1.9800 16.4000 H-QK3L 1.487491 70.4196
48.9800 98.1700 1.9800 16.4000 H-QK3L 1.487491 70.4196
12.0000 12.0000 8.0000 16.8000 H-ZK9 1.620405 60.2951
16.3120 36.3440 4.7000 17.0000 H-K9L 1.516797 64.2124
36.3440 16.3120 4.7000 17.0000 H-K9L 1.516797 64.2124
27.7300 27.7300 4.2000 17.0000 H-ZK9 1.620405 60.2951
17.0000 39.5400 2.5000 17.0000 H-ZF7L 1.805184 25.4584
39.5400 17.0000 2.5000 17.0000 H-ZF7L 1.805184 25.4584
14.7230 12.0780 7.8000 17.0000 H-K9 1.5164 64.0800
12.0780 14.7230 7.8000 17.0000 H-K9 1.5164 64.0800
62.5200 12.6470 5.1000 17.0000 H-ZK3 1.589128 61.2476
12.6470 62.5200 5.1000 17.0000 H-ZK3 1.589128 61.2476
17.0600 85.9000 4.4000 17.0000 H-ZK9 1.620405 60.2951
85.9000 17.0600 4.4000 17.0000 H-ZK9 1.620405 60.2951
92.4700 13.9000 4.3300 17.0000 H-ZK9 1.620405 60.2951
13.9000 92.4700 4.3300 17.0000 H-ZK9 1.620405 60.2951
15.5000 15.5000 6.8000 17.0000 H-ZK3 1.589128 61.2476
9.6150 26.8400 7.6000 17.0000 H-FK61 1.496998 81.5947
26.8400 9.6150 7.6000 17.0000 H-FK61 1.496998 81.5947
22.6000 44.5300 5.0000 17.0000 H-LAF62 1.719999 43.6912
44.5300 22.6000 5.0000 17.0000 H-LAF62 1.719999 43.6912
30.7600 65.8700 3.6400 17.0000 H-LAK50A 1.651605 58.4163
65.8700 30.7600 3.6400 17.0000 H-LAK50A 1.651605 58.4163
34.7720 176.3990 5.2000 17.2000 H-ZBAF21 1.723418 38.0220
176.3990 34.7720 5.2000 17.2000 H-ZBAF21 1.723418 38.0220
34.7720 176.3900 5.2000 17.2000 H-ZBAF21 1.723418 38.0220
176.3900 34.7720 5.2000 17.2000 H-ZBAF21 1.723418 38.0220
14.8940 14.8940 7.0000 17.5000 H-ZK9 1.620405 60.2951
21.1800 72.6100 3.7000 17.5000 H-ZK9 1.620405 60.2951
72.6100 21.1800 3.7000 17.5000 H-ZK9 1.620405 60.2951
14.2560 14.2560 8.0000 18.0000 H-ZK9 1.620405 60.2951
57.1500 18.7070 4.2000 18.0000 H-K9 1.5164 64.0800
18.7070 57.1500 4.2000 18.0000 H-K9 1.5164 64.0800
13.5210 13.5210 8.0000 18.0000 H-ZK9 1.620405 60.2951
26.0750 79.8900 3.5000 18.0000 H-ZK10 1.622094 56.7260
79.8900 26.0750 3.5000 18.0000 H-ZK10 1.622094 56.7260
12.5500 67.4300 5.5800 18.0000 H-ZLAF52 1.806099 40.9454
67.4300 12.5500 5.5800 18.0000 H-ZLAF52 1.806099 40.9454
146.8900 0.0000 1.8000 18.0000 H-K9L 1.516797 64.2124
0.0000 146.8900 1.8000 18.0000 H-K9L 1.516797 64.2124
32.3785 22.4517 4.4600 18.0000 H-BAK6 1.563885 60.7914
22.4517 32.3785 4.4600 18.0000 H-BAK6 1.563885 60.7914
18.7070 57.1500 4.2000 18.0000 H-K9 1.5164 64.1170
57.1500 18.7070 4.2000 18.0000 H-K9 1.5164 64.1170
17.0600 17.0600 7.0000 18.5000 H-ZK3 1.589128 61.2476
21.4800 0.0000 3.3000 18.5000 H-ZK9 1.620405 60.2951
0.0000 21.4800 3.3000 18.5000 H-ZK9 1.620405 60.2951
16.5960 0.0000 4.1000 18.5000 H-ZK9 1.620405 60.2951
0.0000 16.5960 4.1000 18.5000 H-ZK9 1.620405 60.2951
20.0400 69.5000 4.2000 18.5000 H-ZK9 1.620405 60.2951
69.5000 20.0400 4.2000 18.5000 H-ZK9 1.620405 60.2951
30.0400 0.0000 2.8000 18.5000 H-ZK9 1.620405 60.2951
0.0000 30.0400 2.8000 18.5000 H-ZK9 1.620405 60.2951
15.5600 15.5600 7.6000 18.5000 H-ZK9 1.620405 60.2951
21.1442 40.7903 4.0800 18.8000 H-ZLAF69 1.816001 46.5692
40.7903 21.1442 4.0800 18.8000 H-ZLAF69 1.816001 46.5692
36.9800 11.4550 6.7000 19.0000 ZF4 1.728251 28.3239
11.4550 36.9800 6.7000 19.0000 ZF4 1.728251 28.3239
18.6200 11.2200 9.9700 19.0000 ZF6 1.755205 27.5462
11.2200 18.6200 9.9700 19.0000 ZF6 1.755205 27.5462
16.4440 16.4440 7.3000 19.0000 H-ZK9 1.620405 60.2951
14.5880 122.4600 5.2000 19.0000 H-K9 1.5164 64.0800
122.4600 14.5880 5.2000 19.0000 H-K9 1.5164 64.0800
13.1830 17.4980 8.1000 19.0000 H-ZK9 1.620405 60.2951
17.4980 13.1830 8.1000 19.0000 H-ZK9 1.620405 60.2951
16.0600 131.2200 4.9000 19.0000 H-ZK9 1.620405 60.2951
131.2200 16.0600 4.9000 19.0000 H-ZK9 1.620405 60.2951
15.4880 15.4880 7.8000 19.0000 H-ZK9 1.620405 60.2951
14.7230 37.8400 6.0000 19.0000 H-K9 1.5164 64.0800
37.8400 14.7230 6.0000 19.0000 H-K9 1.5164 64.0800
23.3300 14.1910 7.0000 19.0000 H-K9 1.5164 64.0800
14.1910 23.3300 7.0000 19.0000 H-K9 1.5164 64.0800
28.9100 28.9100 5.0000 19.0000 QF3 1.575026 41.2969
15.4880 22.2800 6.6000 19.0000 H-ZK9 1.620405 60.2951
22.2800 15.4880 6.6000 19.0000 H-ZK9 1.620405 60.2951
40.9380 12.5060 7.0000 19.0000 H-K12 1.533589 55.4700
12.5060 40.9380 7.0000 19.0000 H-K12 1.533589 55.4700
16.5100 17.3200 6.5400 19.0000 LAH65 1.804000 46.5759
17.3200 16.5100 6.5400 19.0000 LAH65 1.804000 46.5759
64.4200 42.9500 4.0000 19.0000 H-K9 1.5164 64.0800
42.9500 64.4200 4.0000 19.0000 H-K9 1.5164 64.0800
30.5500 30.5500 4.3000 19.0000 H-ZK9 1.620405 60.2951
0.0000 17.8240 4.1000 19.0000 H-ZK9 1.620405 60.2951
17.8240 0.0000 4.1000 19.0000 H-ZK9 1.620405 60.2951
17.9900 21.9000 5.6900 19.2000 H-FK61 1.496998 81.5947
21.9000 17.9900 5.6900 19.2000 H-FK61 1.496998 81.5947
19.4540 14.4600 7.7000 19.5000 H-K9 1.5164 64.0800
14.4600 19.4540 7.7000 19.5000 H-K9 1.5164 64.0800
0.0000 17.8240 4.1000 19.5000 H-K9 1.5164 64.0800
17.8240 0.0000 4.1000 19.5000 H-K9 1.5164 64.0800
31.6120 38.3110 4.5100 19.6000 BAK5 1.556709 58.6492
38.3110 31.6120 4.5100 19.6000 BAK5 1.556709 58.6492
38.7300 25.7600 5.7000 19.8000 H-ZK50 1.607382 56.6670
25.7600 38.7300 5.7000 19.8000 H-ZK50 1.607382 56.6670
200.6400 16.2140 5.7000 19.8000 H-ZK3 1.589128 61.2476
16.2140 200.6400 5.7000 19.8000 H-ZK3 1.589128 61.2476
97.4940 21.3570 5.0000 19.8000 H-ZBAF52 1.670031 47.1975
21.3570 97.4940 5.0000 19.8000 H-ZBAF52 1.670031 47.1975
15.3710 15.3710 9.5000 20.0000 H-ZK9 1.620405 60.2951
46.5600 25.0000 4.9000 20.0000 H-ZK9 1.620405 60.2951
25.0000 46.5600 4.9000 20.0000 H-ZK9 1.620405 60.2951
23.2000 32.2100 3.1000 20.0000 H-LAF62 1.719999 43.6912
32.2100 23.2000 3.1000 20.0000 H-LAF62 1.719999 43.6912
37.4000 27.0000 4.2000 20.0000 H-K9 1.5164 64.0800
27.0000 37.4000 4.2000 20.0000 H-K9 1.5164 64.0800
25.6600 27.1200 5.0000 20.0000 H-ZBAF10 1.617726 49.8068
27.1200 25.6600 5.0000 20.0000 H-ZBAF10 1.617726 49.8068
17.9890 0.0000 4.8000 20.0000 H-ZK3 1.589128 61.2476
0.0000 17.9890 4.8000 20.0000 H-ZK3 1.589128 61.2476
16.1800 16.1800 8.2000 20.0000 H-ZK9A 1.620412 60.3682
13.1400 198.7250 4.3000 20.0000 H-K9L 1.516797 64.2124
198.7250 13.1400 4.3000 20.0000 H-K9L 1.516797 64.2124
37.4000 27.0000 17.0000 20.0000 H-K9 1.5164 64.0800
27.0000 37.4000 17.0000 20.0000 H-K9 1.5164 64.0800
14.9620 14.9620 9.5000 20.0000 H-ZK9 1.620405 60.2951
25.5900 0.0000 3.8000 20.0000 H-K9 1.5164 64.1170
0.0000 25.5900 3.8000 20.0000 H-K9 1.5164 64.1170
20.5600 12.7060 10.0000 21.0000 H-ZK9 1.620405 60.2951
12.7060 20.5600 10.0000 21.0000 H-ZK9 1.620405 60.2951
95.1200 42.1800 7.5000 21.0000 BAK1 1.572500 57.5493
42.1800 95.1200 7.5000 21.0000 BAK1 1.572500 57.5493
36.0000 19.5000 7.0000 21.0000 H-LAK2 1.692114 54.5705
19.5000 36.0000 7.0000 21.0000 H-LAK2 1.692114 54.5705
17.0000 17.0000 8.8000 21.0000 H-LAK51A 1.696800 55.5342
13.5700 0.0000 6.9300 21.4000 H-ZK7 1.613095 60.6144
0.0000 13.5700 6.9300 21.4000 H-ZK7 1.613095 60.6144
31.6120 38.3110 4.5100 21.4000 BAK5 1.556709 58.6492
38.3110 31.6120 4.5100 21.4000 BAK5 1.556709 58.6492
29.2400 17.4980 7.2000 21.5000 H-K9 1.5164 64.0800
17.4980 29.2400 7.2000 21.5000 H-K9 1.5164 64.0800
20.4600 20.4600 8.0000 21.5000 H-ZK3 1.589128 61.2476
11.5100 32.4600 10.4000 21.5000 H-ZBAF50 1.658439 50.8665
32.4600 11.5100 10.4000 21.5000 H-ZBAF50 1.658439 50.8665
18.7070 0.0000 4.5000 21.5000 H-K9 1.5164 64.0800
0.0000 18.7070 4.5000 21.5000 H-K9 1.5164 64.0800
17.0000 17.0000 8.8000 21.6000 H-LAK51A 1.696800 55.5342
105.2000 31.3300 4.5000 22.0000 H-FK61 1.496998 81.5947
31.3300 105.2000 4.5000 22.0000 H-FK61 1.496998 81.5947
47.5300 19.0550 6.0000 22.0000 H-ZK9 1.620405 60.2951
19.0550 47.5300 6.0000 22.0000 H-ZK9 1.620405 60.2951
77.3300 248.3000 3.5000 22.0000 H-K9 1.5164 64.0800
248.3000 77.3300 3.5000 22.0000 H-K9 1.5164 64.0800
18.1970 135.8300 5.9000 22.0000 H-ZK6 1.612719 58.6049
135.8300 18.1970 5.9000 22.0000 H-ZK6 1.612719 58.6049
21.1800 17.2190 8.8000 22.0000 H-ZK4 1.608813 58.8806
17.2190 21.1800 8.8000 22.0000 H-ZK4 1.608813 58.8806
77.8300 49.3500 3.7700 22.0000 LAH65 1.804000 46.5759
49.3500 77.8300 3.7700 22.0000 LAH65 1.804000 46.5759
71.4000 251.1200 3.0000 22.0000 H-ZK9 1.620405 60.2951
251.1200 71.4000 3.0000 22.0000 H-ZK9 1.620405 60.2951
17.5200 25.4000 8.0000 22.0000 H-ZK11 1.638543 55.4715
25.4000 17.5200 8.0000 22.0000 H-ZK11 1.638543 55.4715
16.7400 150.0000 5.1500 22.0000 H-ZK3 1.589128 61.2476
150.0000 16.7400 5.1500 22.0000 H-ZK3 1.589128 61.2476
16.3570 53.6470 7.5000 22.0000 H-K9L 1.516797 64.2124
53.6470 16.3570 7.5000 22.0000 H-K9L 1.516797 64.2124
120.0000 0.0000 2.0000 22.0000 H-K9L 1.516797 64.2124
0.0000 120.0000 2.0000 22.0000 H-K9L 1.516797 64.2124
118.4100 38.1400 4.0000 22.0000 H-K9 1.5164 64.0800
38.1400 118.4100 4.0000 22.0000 H-K9 1.5164 64.0800
0.0000 22.3900 4.0000 22.0000 H-K9 1.5164 64.0800
22.3900 0.0000 4.0000 22.0000 H-K9 1.5164 64.0800
0.0000 22.3900 4.0000 22.0000 H-ZK9 1.620405 60.2951
22.3900 0.0000 4.0000 22.0000 H-ZK9 1.620405 60.2951
20.7350 81.9360 5.9000 22.0000 H-QK3L 1.487491 70.4196
81.9360 20.7350 5.9000 22.0000 H-QK3L 1.487491 70.4196
32.5300 0.0000 4.7000 22.4000 H-ZBAF52 1.670031 47.1975
0.0000 32.5300 4.7000 22.4000 H-ZBAF52 1.670031 47.1975
51.5080 0.0000 3.5000 22.4000 H-K9L 1.516797 64.2124
0.0000 51.5080 3.5000 22.4000 H-K9L 1.516797 64.2124
15.8850 18.0300 9.8000 22.5000 H-ZK3 1.589128 61.2476
18.0300 15.8850 9.8000 22.5000 H-ZK3 1.589128 61.2476
20.5100 54.7400 5.8000 22.5000 H-ZK3 1.589128 61.2476
54.7400 20.5100 5.8000 22.5000 H-ZK3 1.589128 61.2476
19.0990 19.0990 8.7000 22.5000 H-ZK9 1.620405 60.2951
23.9900 73.6200 5.0000 22.5000 H-K9L 1.516797 64.2124
73.6200 23.9900 5.0000 22.5000 H-K9L 1.516797 64.2124
21.8800 0.0000 4.5000 22.5000 H-K9L 1.516797 64.2124
0.0000 21.8800 4.5000 22.5000 H-K9L 1.516797 64.2124
18.3650 18.3650 8.9000 22.5000 H-ZK9 1.620405 60.2951
20.8000 20.8000 8.4000 23.0000 H-ZK3 1.589128 61.2476
23.1200 17.4660 10.0000 23.0000 H-ZK9 1.620405 60.2951
17.4660 23.1200 10.0000 23.0000 H-ZK9 1.620405 60.2951
1086.4000 27.2900 4.5000 23.0000 H-ZK3 1.589128 61.2476
27.2900 1086.4000 4.5000 23.0000 H-ZK3 1.589128 61.2476
97.2700 33.9600 4.5000 23.0000 H-ZK3 1.589128 61.2476
33.9600 97.2700 4.5000 23.0000 H-ZK3 1.589128 61.2476
788.9000 22.2800 4.5000 23.0000 ZK1 1.533149 57.9809
22.2800 788.9000 4.5000 23.0000 ZK1 1.533149 57.9809
68.2300 26.2400 4.8000 23.0000 ZK1 1.533149 57.9809
26.2400 68.2300 4.8000 23.0000 ZK1 1.533149 57.9809
19.2310 909.9000 6.0000 23.0000 H-ZK9 1.620405 60.2951
909.9000 19.2310 6.0000 23.0000 H-ZK9 1.620405 60.2951
21.3800 18.5100 8.6000 23.0000 H-ZK9 1.620405 60.2951
18.5100 21.3800 8.6000 23.0000 H-ZK9 1.620405 60.2951
14.1910 41.2100 9.0000 23.0000 H-ZK9 1.620405 60.2951
41.2100 14.1910 9.0000 23.0000 H-ZK9 1.620405 60.2951
74.1300 24.4900 5.1000 23.0000 H-ZK9 1.620405 60.2951
24.4900 74.1300 5.1000 23.0000 H-ZK9 1.620405 60.2951
28.3100 38.0200 5.4000 23.0000 H-ZK21 1.622995 58.1542
38.0200 28.3100 5.4000 23.0000 H-ZK21 1.622995 58.1542
36.1900 87.3200 4.1500 23.0000 H-LAK7A 1.713004 53.8681
87.3200 36.1900 4.1500 23.0000 H-LAK7A 1.713004 53.8681
17.7830 17.7830 9.6000 23.0000 H-ZK9 1.620405 60.2951
26.0000 22.0000 8.2000 23.0000 H-ZK9 1.620405 60.2951
22.0000 26.0000 8.2000 23.0000 H-ZK9 1.620405 60.2951
29.2400 29.2400 6.1000 23.0000 H-BAK2 1.539964 59.7303
74.1500 24.5200 5.1500 23.0000 H-ZK9A 1.620412 60.3682
24.5200 74.1500 5.1500 23.0000 H-ZK9A 1.620412 60.3682
16.9040 16.9040 10.5000 23.0000 H-ZK9 1.620405 60.2951
26.3600 0.0000 4.0000 23.0000 H-K9 1.5164 64.1170
0.0000 26.3600 4.0000 23.0000 H-K9 1.5164 64.1170
87.3200 36.1900 4.0000 23.0000 H-LAK7A 1.713004 53.8681
36.1900 87.3200 4.0000 23.0000 H-LAK7A 1.713004 53.8681
26.3700 16.1700 9.3000 23.6000 H-ZK7 1.613095 60.6144
16.1700 26.3700 9.3000 23.6000 H-ZK7 1.613095 60.6144
23.2000 85.0000 5.5000 23.9500 H-ZK9B 1.620412 60.3739
85.0000 23.2000 5.5000 23.9500 H-ZK9B 1.620412 60.3739
25.4700 310.0000 4.2000 24.0000 H-LAK7A 1.713004 53.8681
310.0000 25.4700 4.2000 24.0000 H-LAK7A 1.713004 53.8681
123.0300 0.0000 3.5000 24.0000 H-ZF1 1.647693 33.8423
0.0000 123.0300 3.5000 24.0000 H-ZF1 1.647693 33.8423
20.8000 213.0000 5.3000 24.0000 H-ZK3 1.589128 61.2476
213.0000 20.8000 5.3000 24.0000 H-ZK3 1.589128 61.2476
24.8000 0.0000 4.7000 24.0000 H-K9L 1.516797 64.2124
0.0000 24.8000 4.7000 24.0000 H-K9L 1.516797 64.2124
23.2000 85.0000 5.5000 24.0000 H-ZK9B 1.620412 60.3739
85.0000 23.2000 5.5000 24.0000 H-ZK9B 1.620412 60.3739
70.9600 751.6000 2.4500 24.0000 ZF52 1.846669 23.8275
751.6000 70.9600 2.4500 24.0000 ZF52 1.846669 23.8275
33.4200 100.5200 7.5000 24.3000 H-BAK2 1.539964 59.7303
100.5200 33.4200 7.5000 24.3000 H-BAK2 1.539964 59.7303
61.3600 36.2800 5.0000 24.8000 H-ZK6 1.612719 58.6049
36.2800 61.3600 5.0000 24.8000 H-ZK6 1.612719 58.6049
21.2800 21.2800 9.2000 25.0000 H-ZK9 1.620405 60.2951
50.0000 26.0330 6.0000 25.0000 H-ZK9 1.620405 60.2951
26.0330 50.0000 6.0000 25.0000 H-ZK9 1.620405 60.2951
48.5300 48.5300 4.7000 25.0000 H-ZK9 1.620405 60.2951
21.8800 21.8800 9.2000 25.0000 H-ZK3 1.589128 61.2476
17.3780 103.2800 7.7000 25.0000 H-ZK3 1.589128 61.2476
103.2800 17.3780 7.7000 25.0000 H-ZK3 1.589128 61.2476
20.8000 268.5000 6.0000 25.0000 H-ZK9 1.620405 60.2951
268.5000 20.8000 6.0000 25.0000 H-ZK9 1.620405 60.2951
34.8600 34.8600 6.8000 25.0000 H-K9 1.5164 64.0800
35.8300 63.3000 5.0000 25.0000 H-ZK3 1.589128 61.2476
63.3000 35.8300 5.0000 25.0000 H-ZK3 1.589128 61.2476
16.4000 27.6100 10.0000 25.0000 H-ZK3 1.589128 61.2476
27.6100 16.4000 10.0000 25.0000 H-ZK3 1.589128 61.2476
52.8000 52.8000 5.5000 25.0000 H-K9 1.5164 64.0800
20.0000 20.0000 10.0000 25.0000 H-K9L 1.516797 64.2124
18.0500 21.2400 10.2000 25.0000 H-ZK3 1.589128 61.2476
21.2400 18.0500 10.2000 25.0000 H-ZK3 1.589128 61.2476
63.1460 47.0220 4.4800 25.0000 H-BAK2 1.539964 59.7303
47.0220 63.1460 4.4800 25.0000 H-BAK2 1.539964 59.7303
53.1460 41.0220 9.0000 25.0000 H-LAF2 1.716996 47.9202
41.0220 53.1460 9.0000 25.0000 H-LAF2 1.716996 47.9202
61.3600 44.3000 5.1100 25.0000 H-K9L 1.516797 64.2124
44.3000 61.3600 5.1100 25.0000 H-K9L 1.516797 64.2124
1500.0000 17.7300 6.5000 25.0000 H-ZK3 1.589128 61.2476
17.7300 1500.0000 6.5000 25.0000 H-ZK3 1.589128 61.2476
19.2000 19.2000 11.0000 25.0000 H-LAK51A 1.696800 55.5342
27.5890 43.1310 5.9500 25.2000 H-K9L 1.516797 64.2124
43.1310 27.5890 5.9500 25.2000 H-K9L 1.516797 64.2124
24.2000 24.2000 9.2000 25.4000 H-ZK50 1.607382 56.6670
27.3660 26.3600 7.1000 25.4000 H-K9 1.5164 64.0800
26.3600 27.3660 7.1000 25.4000 H-K9 1.5164 64.0800
33.0000 39.4800 6.0000 25.4000 H-LAK10 1.651133 55.9038
39.4800 33.0000 6.0000 25.4000 H-LAK10 1.651133 55.9038
22.9400 25.8800 9.0000 25.4000 H-LAK10 1.651133 55.9038
25.8800 22.9400 9.0000 25.4000 H-LAK10 1.651133 55.9038
77.4000 87.5700 4.0000 25.4000 H-ZBAF50 1.658439 50.8665
87.5700 77.4000 4.0000 25.4000 H-ZBAF50 1.658439 50.8665
51.9800 43.3600 8.0000 25.4000 H-ZBAF52 1.670031 47.1975
43.3600 51.9800 8.0000 25.4000 H-ZBAF52 1.670031 47.1975
23.9900 18.6200 10.5000 25.4000 H-ZBAF52 1.670031 47.1975
18.6200 23.9900 10.5000 25.4000 H-ZBAF52 1.670031 47.1975
52.4800 68.5400 4.5000 25.4000 H-ZF1 1.647693 33.8423
68.5400 52.4800 4.5000 25.4000 H-ZF1 1.647693 33.8423
52.0000 65.3100 4.0000 25.4000 H-ZF2 1.672702 32.1789
65.3100 52.0000 4.0000 25.4000 H-ZF2 1.672702 32.1789
21.0900 16.1800 12.0000 25.4000 H-ZBAF52 1.670031 47.1975
16.1800 21.0900 12.0000 25.4000 H-ZBAF52 1.670031 47.1975
43.9500 57.6800 4.5000 25.4000 H-ZF1 1.647693 33.8423
57.6800 43.9500 4.5000 25.4000 H-ZF1 1.647693 33.8423
60.6000 62.7500 4.0000 25.4000 H-ZF4 1.728248 28.3216
62.7500 60.6000 4.0000 25.4000 H-ZF4 1.728248 28.3216
337.3000 186.7500 4.0000 25.4000 H-K9L 1.516797 64.2124
186.7500 337.3000 4.0000 25.4000 H-K9L 1.516797 64.2124
87.9000 115.4500 3.5000 25.4000 H-ZF1 1.647693 33.8423
115.4500 87.9000 3.5000 25.4000 H-ZF1 1.647693 33.8423
23.8800 28.1200 8.3000 25.4000 H-LAK10 1.651133 55.9038
28.1200 23.8800 8.3000 25.4000 H-LAK10 1.651133 55.9038
20.0300 17.4400 12.0000 25.4000 H-ZBAF16 1.666724 48.4317
17.4400 20.0300 12.0000 25.4000 H-ZBAF16 1.666724 48.4317
92.4000 48.1800 8.0000 25.4000 H-LAK10 1.651133 55.9038
48.1800 92.4000 8.0000 25.4000 H-LAK10 1.651133 55.9038
37.7300 0.0000 3.9100 25.4000 H-K9L 1.516797 64.2124
0.0000 37.7300 3.9100 25.4000 H-K9L 1.516797 64.2124
33.9100 1330.5000 4.0000 25.4000 H-ZF7LA 1.805189 25.4773
1330.5000 33.9100 4.0000 25.4000 H-ZF7LA 1.805189 25.4773
39.4800 33.0000 6.0000 25.4000 H-LAF10 1.787999 47.4880
33.0000 39.4800 6.0000 25.4000 H-LAF10 1.787999 47.4880
115.5000 713.5000 4.0000 25.4000 H-FK61 1.496998 81.5947
713.5000 115.5000 4.0000 25.4000 H-FK61 1.496998 81.5947
144.5000 208.5000 38.0000 25.4000 H-FK61 1.496998 81.5947
208.5000 144.5000 38.0000 25.4000 H-FK61 1.496998 81.5947
455.2000 96.8000 15.0000 25.4000 H-FK61 1.496998 81.5947
96.8000 455.2000 15.0000 25.4000 H-FK61 1.496998 81.5947
22.9400 23.6600 58.0000 25.4000 H-LAK10 1.651133 55.9038
23.6600 22.9400 58.0000 25.4000 H-LAK10 1.651133 55.9038
36.9000 42.1700 20.0000 25.4000 H-ZBAF52 1.670031 47.1975
42.1700 36.9000 20.0000 25.4000 H-ZBAF52 1.670031 47.1975
32.1400 38.0200 20.0000 25.4000 H-ZBAF52 1.670031 47.1975
38.0200 32.1400 20.0000 25.4000 H-ZBAF52 1.670031 47.1975
42.6900 52.0000 25.4000 25.4000 H-ZBAF52 1.670031 47.1975
52.0000 42.6900 25.4000 25.4000 H-ZBAF52 1.670031 47.1975
46.5400 33.9100 50.8000 25.4000 H-K9L 1.516797 64.2124
33.9100 46.5400 50.8000 25.4000 H-K9L 1.516797 64.2124
219.8000 181.5500 25.4000 25.4000 H-K9L 1.516797 64.2124
181.5500 219.8000 25.4000 25.4000 H-K9L 1.516797 64.2124
106.4100 96.6100 25.4000 25.4000 H-LAK10 1.651133 55.9038
96.6100 106.4100 25.4000 25.4000 H-LAK10 1.651133 55.9038
59.0200 580.8000 3.4000 25.4000 H-ZF7LA 1.805189 25.4773
580.8000 59.0200 3.4000 25.4000 H-ZF7LA 1.805189 25.4773
24.4300 21.0900 10.0000 25.4000 H-LAK10 1.651133 55.9038
21.0900 24.4300 10.0000 25.4000 H-LAK10 1.651133 55.9038
34.9300 28.7700 9.0000 25.4000 H-ZBAF52 1.670031 47.1975
28.7700 34.9300 9.0000 25.4000 H-ZBAF52 1.670031 47.1975
0.0000 18.2840 6.3700 25.4000 H-ZPK1A 1.617998 63.4058
18.2840 0.0000 6.3700 25.4000 H-ZPK1A 1.617998 63.4058
25.0000 26.2000 9.0000 25.4000 H-ZPK3 1.593490 67.3266
26.2000 25.0000 9.0000 25.4000 H-ZPK3 1.593490 67.3266
26.1200 21.2800 10.0000 25.4000 H-ZBAF52 1.670031 47.1975
21.2800 26.1200 10.0000 25.4000 H-ZBAF52 1.670031 47.1975
0.0000 103.3700 2.8000 25.4000 H-K9L 1.516797 64.2124
103.3700 0.0000 2.8000 25.4000 H-K9L 1.516797 64.2124
19.2000 19.2000 11.0000 25.6000 H-LAK51 1.696798 55.5129
19.2000 19.2000 11.0000 25.6000 H-LAK51A 1.696800 55.5342
24.1000 24.1000 9.0000 26.0000 H-ZK9 1.620405 60.2951
26.4600 22.0300 8.7600 26.0000 H-ZBAF20 1.701545 41.1408
22.0300 26.4600 8.7600 26.0000 H-ZBAF20 1.701545 41.1408
23.4400 23.4400 9.2000 26.0000 H-ZK9 1.620405 60.2951
23.7100 250.6000 6.0000 26.0000 H-ZK9 1.620405 60.2951
250.6000 23.7100 6.0000 26.0000 H-ZK9 1.620405 60.2951
26.7300 147.9100 5.5000 26.0000 H-K9 1.5164 64.0800
147.9100 26.7300 5.5000 26.0000 H-K9 1.5164 64.0800
104.2300 25.8200 5.7000 26.0000 H-ZK6 1.612719 58.6049
25.8200 104.2300 5.7000 26.0000 H-ZK6 1.612719 58.6049
43.2600 50.4700 6.0000 26.0000 H-BAK7 1.568832 56.0596
50.4700 43.2600 6.0000 26.0000 H-BAK7 1.568832 56.0596
43.2600 58.8800 6.0000 26.0000 H-K9 1.5164 64.0800
58.8800 43.2600 6.0000 26.0000 H-K9 1.5164 64.0800
46.9900 31.9500 5.8000 26.0000 H-ZK3 1.589128 61.2476
31.9500 46.9900 5.8000 26.0000 H-ZK3 1.589128 61.2476
19.4980 30.5500 9.0000 26.0000 H-ZK9 1.620405 60.2951
30.5500 19.4980 9.0000 26.0000 H-ZK9 1.620405 60.2951
22.9100 263.0000 5.7000 26.0000 H-ZK3 1.589128 61.2476
263.0000 22.9100 5.7000 26.0000 H-ZK3 1.589128 61.2476
19.4980 751.6000 6.3000 26.0000 H-K9 1.5164 64.0800
751.6000 19.4980 6.3000 26.0000 H-K9 1.5164 64.0800
46.5600 33.2700 5.8000 26.0000 H-ZK3 1.589128 61.2476
33.2700 46.5600 5.8000 26.0000 H-ZK3 1.589128 61.2476
27.9900 24.7200 8.2000 26.0000 H-ZK21 1.622995 58.1542
24.7200 27.9900 8.2000 26.0000 H-ZK21 1.622995 58.1542
35.4800 35.4800 6.0000 26.0000 H-K9 1.5164 64.0800
35.4800 35.4800 6.0000 26.0000 LZ_LK3 1.487460 70.0735
22.3900 22.3900 10.0000 26.0000 H-ZK9 1.620405 60.2951
142.5600 25.4100 5.9000 26.0000 H-K9L 1.516797 64.2124
25.4100 142.5600 5.9000 26.0000 H-K9L 1.516797 64.2124
85.4440 55.9590 4.2000 26.0000 H-K9L 1.516797 64.2124
55.9590 85.4440 4.2000 26.0000 H-K9L 1.516797 64.2124
25.8200 20.3200 9.8000 26.0000 H-ZK3 1.589128 61.2476
20.3200 25.8200 9.8000 26.0000 H-ZK3 1.589128 61.2476
75.7500 75.7500 2.9000 26.0000 H-LAF3B 1.744004 44.9042
27.3500 0.0000 4.9000 26.0000 H-K9L 1.516797 64.2124
0.0000 27.3500 4.9000 26.0000 H-K9L 1.516797 64.2124
35.1600 35.1600 6.5000 26.0000 H-BAK2 1.539964 59.7303
22.0900 22.0900 9.6000 26.0000 H-ZK9 1.620405 60.2951
243.4000 22.9900 5.9000 26.0000 H-K9L 1.516797 64.2124
22.9900 243.4000 5.9000 26.0000 H-K9L 1.516797 64.2124
24.8000 180.0000 5.0000 26.0000 H-K9L 1.516797 64.2124
180.0000 24.8000 5.0000 26.0000 H-K9L 1.516797 64.2124
30.5000 148.0000 4.8000 26.0000 H-ZK3 1.589128 61.2476
148.0000 30.5000 4.8000 26.0000 H-ZK3 1.589128 61.2476
25.7600 101.0800 5.7700 26.0000 H-ZK9A 1.620412 60.3682
101.0800 25.7600 5.7700 26.0000 H-ZK9A 1.620412 60.3682
160.6100 16.6200 8.0000 26.0000 H-ZPK7 1.569070 71.3066
16.6200 160.6100 8.0000 26.0000 H-ZPK7 1.569070 71.3066
35.4800 35.4800 6.0000 26.0000 H-K9 1.5164 64.1170
43.2600 0.0000 4.0000 26.0000 H-ZK3 1.589128 61.2476
0.0000 43.2600 4.0000 26.0000 H-ZK3 1.589128 61.2476
147.9100 26.7300 5.5000 26.0000 H-K9 1.5164 64.1170
26.7300 147.9100 5.5000 26.0000 H-K9 1.5164 64.1170
21.2800 0.0000 5.8000 26.0000 H-ZK3 1.589128 61.2476
0.0000 21.2800 5.8000 26.0000 H-ZK3 1.589128 61.2476
22.0300 22.0300 10.0000 26.0000 H-ZK9 1.620405 60.2951
0.0000 21.3800 6.2000 26.0000 H-ZK3 1.589128 61.2476
21.3800 0.0000 6.2000 26.0000 H-ZK3 1.589128 61.2476
17.9940 16.6500 13.7500 26.0000 H-FK61B 1.496998 81.5947
16.6500 17.9940 13.7500 26.0000 H-FK61B 1.496998 81.5947
55.9500 85.4400 4.2000 26.0000 H-K9L 1.516797 64.2124
85.4400 55.9500 4.2000 26.0000 H-K9L 1.516797 64.2124
0.0000 52.9780 3.1000 26.0000 H-K9L 1.516797 64.2124
52.9780 0.0000 3.1000 26.0000 H-K9L 1.516797 64.2124
36.1400 21.8800 8.5000 26.5000 H-K9 1.5164 64.0800
21.8800 36.1400 8.5000 26.5000 H-K9 1.5164 64.0800
38.3700 63.9700 5.4000 26.5000 H-K9L 1.516797 64.2124
63.9700 38.3700 5.4000 26.5000 H-K9L 1.516797 64.2124
56.3600 38.3700 5.6000 26.5000 H-K9L 1.516797 64.2124
38.3700 56.3600 5.6000 26.5000 H-K9L 1.516797 64.2124
16.2300 714.0800 8.3000 26.8000 H-LAK53B 1.754998 52.3374
714.0800 16.2300 8.3000 26.8000 H-LAK53B 1.754998 52.3374
41.6900 57.9400 5.5000 27.0000 H-K9 1.5164 64.0800
57.9400 41.6900 5.5000 27.0000 H-K9 1.5164 64.0800
75.6800 39.9900 5.4000 27.0000 H-K9 1.5164 64.0800
39.9900 75.6800 5.4000 27.0000 H-K9 1.5164 64.0800
22.2300 22.2300 10.8000 27.0000 H-ZK9 1.620405 60.2951
23.1200 23.1200 10.5000 27.0000 H-ZK9 1.620405 60.2951
89.1300 41.6900 5.4000 27.0000 H-FK61 1.496998 81.5947
41.6900 89.1300 5.4000 27.0000 H-FK61 1.496998 81.5947
59.4000 184.5000 4.1000 27.0000 H-K9 1.5164 64.0800
184.5000 59.4000 4.1000 27.0000 H-K9 1.5164 64.0800
250.6000 59.4300 4.1000 27.0000 H-K9 1.5164 64.0800
59.4300 250.6000 4.1000 27.0000 H-K9 1.5164 64.0800
21.6800 21.6800 10.5000 27.0000 H-ZK3 1.589128 61.2476
58.4800 181.9700 4.0000 27.0000 H-K9L 1.516797 64.2124
181.9700 58.4800 4.0000 27.0000 H-K9L 1.516797 64.2124
74.6400 39.4500 5.4000 27.0000 H-K9L 1.516797 64.2124
39.4500 74.6400 5.4000 27.0000 H-K9L 1.516797 64.2124
30.7300 45.5900 6.5000 27.0000 H-K50 1.522490 59.5123
45.5900 30.7300 6.5000 27.0000 H-K50 1.522490 59.5123
23.2000 0.0000 6.5000 27.0000 H-ZK3 1.589128 61.2476
0.0000 23.2000 6.5000 27.0000 H-ZK3 1.589128 61.2476
53.3000 53.3000 4.8000 27.0000 H-ZK9B 1.620412 60.3739
19.9370 37.6300 8.8000 27.0000 H-ZK9B 1.620412 60.3739
37.6300 19.9370 8.8000 27.0000 H-ZK9B 1.620412 60.3739
59.4000 192.3000 4.1000 27.0000 H-K9L 1.516797 64.2124
192.3000 59.4000 4.1000 27.0000 H-K9L 1.516797 64.2124
41.6900 57.9400 5.5000 27.0000 H-K9 1.5164 64.1170
57.9400 41.6900 5.5000 27.0000 H-K9 1.5164 64.1170
41.3000 358.3000 4.0000 27.0000 H-K9L 1.516797 64.2124
358.3000 41.3000 4.0000 27.0000 H-K9L 1.516797 64.2124
760.3000 64.5700 4.5000 27.0000 H-K9 1.5164 64.1170
64.5700 760.3000 4.5000 27.0000 H-K9 1.5164 64.1170
39.9900 75.6800 5.4000 27.0000 H-K9 1.5164 64.1170
75.6800 39.9900 5.4000 27.0000 H-K9 1.5164 64.1170
0.0000 27.0880 5.0000 27.0000 H-ZK9 1.620405 60.2951
27.0880 0.0000 5.0000 27.0000 H-ZK9 1.620405 60.2951
47.8400 89.5000 5.0000 27.0000 H-FK61B 1.496998 81.5947
89.5000 47.8400 5.0000 27.0000 H-FK61B 1.496998 81.5947
253.8000 31.8300 5.4000 27.0000 H-FK61B 1.496998 81.5947
31.8300 253.8000 5.4000 27.0000 H-FK61B 1.496998 81.5947
59.4000 184.5000 4.1000 27.0000 H-K9 1.5164 64.1170
184.5000 59.4000 4.1000 27.0000 H-K9 1.5164 64.1170
130.8900 32.2700 4.9000 27.5000 H-ZK7 1.613095 60.6144
32.2700 130.8900 4.9000 27.5000 H-ZK7 1.613095 60.6144
25.7600 148.5900 5.9000 27.5000 H-ZK9 1.620405 60.2951
148.5900 25.7600 5.9000 27.5000 H-ZK9 1.620405 60.2951
46.2500 41.0100 6.0000 27.5000 H-FK61 1.496998 81.5947
41.0100 46.2500 6.0000 27.5000 H-FK61 1.496998 81.5947
21.8800 278.0500 5.8000 27.5000 H-K9 1.5164 64.1170
278.0500 21.8800 5.8000 27.5000 H-K9 1.5164 64.1170
19.1180 33.0210 11.4000 27.8000 H-K9L 1.516797 64.2124
33.0210 19.1180 11.4000 27.8000 H-K9L 1.516797 64.2124
33.3930 40.8984 6.4951 27.9000 H-LAK53B 1.754998 52.3374
40.8984 33.3930 6.4951 27.9000 H-LAK53B 1.754998 52.3374
36.1400 36.1400 7.2000 28.0000 H-ZK9 1.620405 60.2951
36.1400 36.1400 7.5000 28.0000 H-LAK2 1.692114 54.5705
38.7300 112.9800 5.6000 28.0000 H-LAF3 1.743999 44.8977
112.9800 38.7300 5.6000 28.0000 H-LAF3 1.743999 44.8977
119.9750 23.8880 8.5000 28.0000 H-ZK3 1.589128 61.2476
23.8880 119.9750 8.5000 28.0000 H-ZK3 1.589128 61.2476
41.7320 52.7640 5.5700 28.1000 H-K9 1.5164 64.0800
52.7640 41.7320 5.5700 28.1000 H-K9 1.5164 64.0800
467.1300 21.0100 6.3300 28.2000 H-ZLAF78B 1.900696 37.0536
21.0100 467.1300 6.3300 28.2000 H-ZLAF78B 1.900696 37.0536
29.5730 28.0189 8.1800 28.3500 H-ZBAF50 1.658439 50.8665
28.0189 29.5730 8.1800 28.3500 H-ZBAF50 1.658439 50.8665
32.1510 17.8680 12.5000 29.5000 BAK2 1.539960 59.6819
17.8680 32.1510 12.5000 29.5000 BAK2 1.539960 59.6819
33.0400 49.2000 7.4000 30.0000 H-K9 1.5164 64.0800
49.2000 33.0400 7.4000 30.0000 H-K9 1.5164 64.0800
28.8400 55.5900 7.5000 30.0000 H-ZK3 1.589128 61.2476
55.5900 28.8400 7.5000 30.0000 H-ZK3 1.589128 61.2476
50.2100 34.9500 7.1400 30.0000 H-K50 1.522490 59.5123
34.9500 50.2100 7.1400 30.0000 H-K50 1.522490 59.5123
33.5000 39.1700 8.5000 30.0000 H-ZBAF52 1.670031 47.1975
39.1700 33.5000 8.5000 30.0000 H-ZBAF52 1.670031 47.1975
29.3800 33.9100 9.5000 30.0000 H-ZBAF52 1.670031 47.1975
33.9100 29.3800 9.5000 30.0000 H-ZBAF52 1.670031 47.1975
52.4800 42.6900 6.5000 30.0000 H-LAK10 1.651133 55.9038
42.6900 52.4800 6.5000 30.0000 H-LAK10 1.651133 55.9038
34.0400 29.3800 8.5000 30.0000 H-ZBAF52 1.670031 47.1975
29.3800 34.0400 8.5000 30.0000 H-ZBAF52 1.670031 47.1975
84.6200 50.0000 6.0000 30.0000 H-K9 1.5164 64.0800
50.0000 84.6200 6.0000 30.0000 H-K9 1.5164 64.0800
41.6900 22.7000 27.5000 30.0000 H-ZBAF52 1.670031 47.1975
22.7000 41.6900 27.5000 30.0000 H-ZBAF52 1.670031 47.1975
49.6890 203.4490 5.5000 30.0000 H-FK61B 1.496998 81.5947
203.4490 49.6890 5.5000 30.0000 H-FK61B 1.496998 81.5947
26.3400 43.4000 9.4000 30.0000 H-LAK2A 1.692114 54.5705
43.4000 26.3400 9.4000 30.0000 H-LAK2A 1.692114 54.5705
23.0500 328.0000 7.2000 30.0000 H-ZK3 1.589128 61.2476
328.0000 23.0500 7.2000 30.0000 H-ZK3 1.589128 61.2476
172.9800 40.9300 6.8000 31.0000 H-ZK3 1.589128 61.2476
40.9300 172.9800 6.8000 31.0000 H-ZK3 1.589128 61.2476
55.0800 580.8000 4.4000 31.0000 H-K9 1.5164 64.0800
580.8000 55.0800 4.4000 31.0000 H-K9 1.5164 64.0800
30.9000 48.6400 8.6000 31.0000 H-ZK3 1.589128 61.2476
48.6400 30.9000 8.6000 31.0000 H-ZK3 1.589128 61.2476
30.9000 77.2700 7.5000 31.0000 H-ZK3 1.589128 61.2476
77.2700 30.9000 7.5000 31.0000 H-ZK3 1.589128 61.2476
55.0800 580.8000 4.4000 31.0000 H-K9 1.5164 64.1170
580.8000 55.0800 4.4000 31.0000 H-K9 1.5164 64.1170
1045.0000 78.3500 3.5000 31.0000 H-K9L 1.516797 64.2124
78.3500 1045.0000 3.5000 31.0000 H-K9L 1.516797 64.2124
44.7700 26.4600 9.6000 31.5000 H-K9 1.5164 64.0800
26.4600 44.7700 9.6000 31.5000 H-K9 1.5164 64.0800
64.8600 42.0100 6.2000 31.5000 N-SK11 1.563840 60.8000
42.0100 64.8600 6.2000 31.5000 N-SK11 1.563840 60.8000
42.0000 31.4760 8.5000 31.5000 H-K9 1.5164 64.0800
31.4760 42.0000 8.5000 31.5000 H-K9 1.5164 64.0800
26.4600 44.7700 9.6000 31.5000 H-K9 1.5164 64.1170
44.7700 26.4600 9.6000 31.5000 H-K9 1.5164 64.1170
49.9200 64.4000 6.0000 32.0000 H-LAK7 1.712991 53.9319
64.4000 49.9200 6.0000 32.0000 H-LAK7 1.712991 53.9319
37.2970 225.6770 5.1000 32.0000 H-ZLAF68B 1.883004 40.8069
225.6770 37.2970 5.1000 32.0000 H-ZLAF68B 1.883004 40.8069
71.6100 52.0000 6.7000 33.0000 H-K9 1.5164 64.0800
52.0000 71.6100 6.7000 33.0000 H-K9 1.5164 64.0800
57.4100 79.6300 5.8000 33.0000 H-K9 1.5164 64.0800
79.6300 57.4100 5.8000 33.0000 H-K9 1.5164 64.0800
53.1900 74.7800 6.2000 33.0000 H-K9L 1.516797 64.2124
74.7800 53.1900 6.2000 33.0000 H-K9L 1.516797 64.2124
52.2400 38.5300 8.4000 33.5000 H-BAK7 1.568832 56.0596
38.5300 52.2400 8.4000 33.5000 H-BAK7 1.568832 56.0596
60.9500 114.8200 5.3000 34.0000 H-K9 1.5164 64.0800
114.8200 60.9500 5.3000 34.0000 H-K9 1.5164 64.0800
87.1000 87.1000 5.1000 34.0000 LZ_LK3 1.487460 70.0735
790.7000 74.4700 3.8000 34.0000 H-K9 1.5164 64.0800
74.4700 790.7000 3.8000 34.0000 H-K9 1.5164 64.0800
70.9600 266.7000 4.8000 34.0000 H-K9L 1.516797 64.2124
266.7000 70.9600 4.8000 34.0000 H-K9L 1.516797 64.2124
52.1200 92.4700 6.6000 34.0000 H-K9L 1.516797 64.2124
92.4700 52.1200 6.6000 34.0000 H-K9L 1.516797 64.2124
67.8863 48.8898 5.9800 34.0000 H-K9 1.5164 64.0800
48.8898 67.8863 5.9800 34.0000 H-K9 1.5164 64.0800
54.0500 59.7400 6.7000 34.0000 H-FK61 1.496998 81.5947
59.7400 54.0500 6.7000 34.0000 H-FK61 1.496998 81.5947
71.0000 71.0000 6.0000 34.0000 H-FK61 1.496998 81.5947
93.1100 55.0800 6.2000 34.0000 H-K9L 1.516797 64.2124
55.0800 93.1100 6.2000 34.0000 H-K9L 1.516797 64.2124
61.9400 827.9000 4.5000 34.0000 H-K9L 1.516797 64.2124
827.9000 61.9400 4.5000 34.0000 H-K9L 1.516797 64.2124
82.4100 62.8100 6.0000 34.0000 H-FK61 1.496998 81.5947
62.8100 82.4100 6.0000 34.0000 H-FK61 1.496998 81.5947
31.5500 51.5200 9.4000 34.0000 H-K9 1.5164 64.1170
51.5200 31.5500 9.4000 34.0000 H-K9 1.5164 64.1170
145.0000 145.0000 6.0000 35.0000 H-K9L 1.516797 64.2124
145.0000 145.0000 6.0000 35.0000 BK7 1.516800 64.1673
33.6500 145.5500 7.2000 35.6000 H-FK61 1.496998 81.5947
145.5500 33.6500 7.2000 35.6000 H-FK61 1.496998 81.5947
34.4400 143.3300 10.3000 36.0000 H-ZPK1A 1.617998 63.4058
143.3300 34.4400 10.3000 36.0000 H-ZPK1A 1.617998 63.4058
60.2600 70.6300 8.0000 37.0000 H-K9 1.5164 64.0800
70.6300 60.2600 8.0000 37.0000 H-K9 1.5164 64.0800
70.6300 60.2600 8.8000 37.0000 H-K9 1.5164 64.1170
60.2600 70.6300 8.8000 37.0000 H-K9 1.5164 64.1170
268.5000 60.2600 3.0000 37.0000 ZF2 1.672707 32.1810
60.2600 268.5000 3.0000 37.0000 ZF2 1.672707 32.1810
163.2800 40.1000 9.5000 38.0000 H-FK61 1.496998 81.5947
40.1000 163.2800 9.5000 38.0000 H-FK61 1.496998 81.5947
46.9900 31.5500 11.3400 38.3000 H-FK61 1.496998 81.5947
31.5500 46.9900 11.3400 38.3000 H-FK61 1.496998 81.5947
65.3800 65.3800 7.2500 39.0000 H-ZK3 1.589128 61.2476
62.9900 62.9900 8.0000 40.0000 H-K9 1.5164 64.0800
32.0000 0.0000 9.0000 40.0000 H-K9 1.5164 64.0800
0.0000 32.0000 9.0000 40.0000 H-K9 1.5164 64.0800
42.2200 204.9200 7.2100 40.0000 H-LAF50B 1.772501 49.6135
204.9200 42.2200 7.2100 40.0000 H-LAF50B 1.772501 49.6135
49.4300 1923.1000 6.6000 40.0500 LZ_LK3 1.487460 70.0735
1923.1000 49.4300 6.6000 40.0500 LZ_LK3 1.487460 70.0735
76.9400 0.0000 4.8300 40.4000 H-LAF50B 1.772501 49.6135
0.0000 76.9400 4.8300 40.4000 H-LAF50B 1.772501 49.6135
62.0600 40.8400 11.5000 41.0000 H-K9 1.5164 64.0800
40.8400 62.0600 11.5000 41.0000 H-K9 1.5164 64.0800
174.8000 57.6670 7.0000 41.0000 H-K9 1.5164 64.0800
57.6670 174.8000 7.0000 41.0000 H-K9 1.5164 64.0800
32.5300 720.2500 8.1500 41.0000 H-FK61 1.496998 81.5947
720.2500 32.5300 8.1500 41.0000 H-FK61 1.496998 81.5947
49.7900 0.0000 6.0000 41.2000 H-ZBAF21 1.723418 38.0220
0.0000 49.7900 6.0000 41.2000 H-ZBAF21 1.723418 38.0220
0.0000 36.5000 9.0000 41.4000 H-ZK14 1.603112 60.6332
36.5000 0.0000 9.0000 41.4000 H-ZK14 1.603112 60.6332
0.0000 36.5000 9.0000 41.4000 H-LAK7A 1.713004 53.8681
36.5000 0.0000 9.0000 41.4000 H-LAK7A 1.713004 53.8681
74.6000 0.0000 5.0000 41.5000 S-TIL6 1.531717 48.8407
0.0000 74.6000 5.0000 41.5000 S-TIL6 1.531717 48.8407
85.3100 0.0000 5.3000 41.5000 H-K9L 1.516797 64.2124
0.0000 85.3100 5.3000 41.5000 H-K9L 1.516797 64.2124
80.2600 80.2600 7.0000 41.9800 H-K9 1.5164 64.0800
421.4670 44.0400 7.0000 42.0000 H-ZK3 1.589128 61.2476
44.0400 421.4670 7.0000 42.0000 H-ZK3 1.589128 61.2476
65.2430 91.9000 8.5000 42.0000 H-K9 1.5164 64.0800
91.9000 65.2430 8.5000 42.0000 H-K9 1.5164 64.0800
32.3100 0.0000 10.0000 42.0000 H-K9L 1.516797 64.2124
0.0000 32.3100 10.0000 42.0000 H-K9L 1.516797 64.2124
68.0000 68.0000 8.0800 42.6000 H-LAK7A 1.713004 53.8681
68.2700 167.7500 6.8000 42.8000 H-FK61 1.496998 81.5947
167.7500 68.2700 6.8000 42.8000 H-FK61 1.496998 81.5947
120.6000 59.4600 8.0000 42.8000 H-FK61 1.496998 81.5947
59.4600 120.6000 8.0000 42.8000 H-FK61 1.496998 81.5947
98.6300 62.3700 8.2000 43.0000 H-K9 1.5164 64.0800
62.3700 98.6300 8.2000 43.0000 H-K9 1.5164 64.0800
72.2800 72.2800 9.5000 43.0000 H-K9 1.5164 64.0800
56.2300 66.3700 10.5000 43.0000 H-K9 1.5164 64.0800
66.3700 56.2300 10.5000 43.0000 H-K9 1.5164 64.0800
114.0200 73.2800 8.4000 43.0000 H-FK61 1.496998 81.5947
73.2800 114.0200 8.4000 43.0000 H-FK61 1.496998 81.5947
124.1700 348.3000 4.7000 43.0000 H-K9L 1.516797 64.2124
348.3000 124.1700 4.7000 43.0000 H-K9L 1.516797 64.2124
140.6000 55.7200 7.6000 43.0000 H-K9 1.5164 64.0800
55.7200 140.6000 7.6000 43.0000 H-K9 1.5164 64.0800
527.0000 74.1300 5.2000 43.0000 H-K9 1.5164 64.0800
74.1300 527.0000 5.2000 43.0000 H-K9 1.5164 64.0800
87.1000 68.2300 7.8000 43.0000 H-BAK7 1.568832 56.0596
68.2300 87.1000 7.8000 43.0000 H-BAK7 1.568832 56.0596
130.2310 73.1100 6.5000 43.0000 H-QK3L 1.487491 70.4196
73.1100 130.2310 6.5000 43.0000 H-QK3L 1.487491 70.4196
527.0000 67.9200 5.4000 43.0000 H-QK1 1.470466 66.8845
67.9200 527.0000 5.4000 43.0000 H-QK1 1.470466 66.8845
61.2400 113.2400 7.6000 43.0000 H-K9 1.5164 64.0800
113.2400 61.2400 7.6000 43.0000 H-K9 1.5164 64.0800
751.6000 74.4700 5.1000 43.0000 H-K9 1.5164 64.0800
74.4700 751.6000 5.1000 43.0000 H-K9 1.5164 64.0800
109.9000 66.6800 8.2000 43.0000 H-K9L 1.516797 64.2124
66.6800 109.9000 8.2000 43.0000 H-K9L 1.516797 64.2124
136.1400 265.5000 4.7000 43.0000 H-K9L 1.516797 64.2124
265.5000 136.1400 4.7000 43.0000 H-K9L 1.516797 64.2124
56.7500 180.3000 7.6000 43.0000 H-FK61 1.496998 81.5947
180.3000 56.7500 7.6000 43.0000 H-FK61 1.496998 81.5947
54.4500 221.8000 7.6000 43.0000 H-FK61 1.496998 81.5947
221.8000 54.4500 7.6000 43.0000 H-FK61 1.496998 81.5947
228.0000 97.2500 6.0000 43.0000 H-K9 1.5164 64.0800
97.2500 228.0000 6.0000 43.0000 H-K9 1.5164 64.0800
42.3800 1000.6000 8.5000 43.0000 H-FK61 1.496998 81.5947
1000.6000 42.3800 8.5000 43.0000 H-FK61 1.496998 81.5947
114.0200 72.2800 8.4000 43.0000 H-FK61 1.496998 81.5947
72.2800 114.0200 8.4000 43.0000 H-FK61 1.496998 81.5947
104.7100 104.7100 6.6000 43.0000 H-K9L 1.516797 64.2124
71.9400 117.2200 7.5000 43.0000 H-FK61 1.496998 81.5947
117.2200 71.9400 7.5000 43.0000 H-FK61 1.496998 81.5947
61.9000 194.5400 4.9000 43.0000 H-K9 1.5164 64.0800
194.5400 61.9000 4.9000 43.0000 H-K9 1.5164 64.0800
61.2400 113.2400 7.6000 43.0000 H-K9 1.5164 64.1170
113.2400 61.2400 7.6000 43.0000 H-K9 1.5164 64.1170
65.2800 394.5000 5.2000 43.0000 H-K9 1.5164 64.1170
394.5000 65.2800 5.2000 43.0000 H-K9 1.5164 64.1170
50.1200 240.4000 7.3000 43.0000 H-FK61 1.496998 81.5947
240.4000 50.1200 7.3000 43.0000 H-FK61 1.496998 81.5947
751.6000 74.4700 5.1000 43.0000 H-K9 1.5164 64.1170
74.4700 751.6000 5.1000 43.0000 H-K9 1.5164 64.1170
74.4700 1794.7000 5.2000 43.0000 H-K9 1.5164 64.1170
1794.7000 74.4700 5.2000 43.0000 H-K9 1.5164 64.1170
72.2800 72.2800 9.5000 43.0000 H-K9 1.5164 64.1170
56.2300 66.3700 10.5000 43.0000 H-K9 1.5164 64.1170
66.3700 56.2300 10.5000 43.0000 H-K9 1.5164 64.1170
98.6300 62.3700 8.2000 43.0000 H-K9 1.5164 64.1170
62.3700 98.6300 8.2000 43.0000 H-K9 1.5164 64.1170
0.0000 83.1800 5.0000 43.0000 H-K9L 1.516797 64.2124
83.1800 0.0000 5.0000 43.0000 H-K9L 1.516797 64.2124
69.5000 97.2700 7.6000 43.5000 H-K9 1.5164 64.0800
97.2700 69.5000 7.6000 43.5000 H-K9 1.5164 64.0800
59.0200 115.6100 8.5000 44.0000 H-K9 1.5164 64.0800
115.6100 59.0200 8.5000 44.0000 H-K9 1.5164 64.0800
119.9500 70.9600 8.5000 44.0000 H-FK61 1.496998 81.5947
70.9600 119.9500 8.5000 44.0000 H-FK61 1.496998 81.5947
59.2900 121.0600 8.4000 44.0000 H-K9 1.5164 64.0800
121.0600 59.2900 8.4000 44.0000 H-K9 1.5164 64.0800
64.4200 114.2900 8.2000 44.0000 H-K9 1.5164 64.0800
114.2900 64.4200 8.2000 44.0000 H-K9 1.5164 64.0800
66.3700 117.2200 8.4000 44.0000 H-FK61 1.496998 81.5947
117.2200 66.3700 8.4000 44.0000 H-FK61 1.496998 81.5947
74.1300 102.0900 8.0000 44.0000 H-FK61 1.496998 81.5947
102.0900 74.1300 8.0000 44.0000 H-FK61 1.496998 81.5947
121.0600 59.2900 8.4000 44.0000 H-K9L 1.516797 64.2124
59.2900 121.0600 8.4000 44.0000 H-K9L 1.516797 64.2124
114.2900 64.4200 8.2000 44.0000 H-K9L 1.516797 64.2124
64.4200 114.2900 8.2000 44.0000 H-K9L 1.516797 64.2124
65.6100 103.0000 7.8000 44.0000 H-FK61 1.496998 81.5947
103.0000 65.6100 7.8000 44.0000 H-FK61 1.496998 81.5947
118.3000 68.3900 7.5000 44.0000 H-FK61 1.496998 81.5947
68.3900 118.3000 7.5000 44.0000 H-FK61 1.496998 81.5947
140.6000 95.7200 6.3000 44.0000 H-FK61 1.496998 81.5947
95.7200 140.6000 6.3000 44.0000 H-FK61 1.496998 81.5947
152.7600 101.8600 6.0000 44.0000 H-FK61 1.496998 81.5947
101.8600 152.7600 6.0000 44.0000 H-FK61 1.496998 81.5947
62.5200 121.9000 8.6000 44.0000 H-K9 1.5164 64.0800
121.9000 62.5200 8.6000 44.0000 H-K9 1.5164 64.0800
63.8000 89.7000 8.7000 44.0000 H-K9 1.5164 64.0800
89.7000 63.8000 8.7000 44.0000 H-K9 1.5164 64.0800
70.4700 827.9000 5.5000 44.0000 H-K9L 1.516797 64.2124
827.9000 70.4700 5.5000 44.0000 H-K9L 1.516797 64.2124
64.4200 114.2900 8.2000 44.0000 H-K9 1.5164 64.1170
114.2900 64.4200 8.2000 44.0000 H-K9 1.5164 64.1170
70.4700 827.9000 5.5000 44.0000 H-K9 1.5164 64.1170
827.9000 70.4700 5.5000 44.0000 H-K9 1.5164 64.1170
59.2900 121.0600 8.4000 44.0000 H-K9 1.5164 64.1170
121.0600 59.2900 8.4000 44.0000 H-K9 1.5164 64.1170
174.8000 57.6670 7.5000 45.0000 H-K9 1.5164 64.0800
57.6670 174.8000 7.5000 45.0000 H-K9 1.5164 64.0800
177.7950 321.4150 6.0000 45.0000 H-LAF50 1.772500 49.5944
321.4150 177.7950 6.0000 45.0000 H-LAF50 1.772500 49.5944
98.2750 365.5620 8.5000 46.0000 H-K9L 1.516797 64.2124
365.5620 98.2750 8.5000 46.0000 H-K9L 1.516797 64.2124
131.0600 54.3700 9.0000 47.0000 H-K9 1.5164 64.0800
54.3700 131.0600 9.0000 47.0000 H-K9 1.5164 64.0800
186.8500 90.5600 6.3000 47.0000 H-K9L 1.516797 64.2124
90.5600 186.8500 6.3000 47.0000 H-K9L 1.516797 64.2124
148.5900 63.3900 9.0000 47.0000 H-K9 1.5164 64.0800
63.3900 148.5900 9.0000 47.0000 H-K9 1.5164 64.0800
99.1000 211.8000 6.2000 47.0000 H-K9 1.5164 64.0800
211.8000 99.1000 6.2000 47.0000 H-K9 1.5164 64.0800
241.5000 96.6100 6.8000 47.0000 H-K9 1.5164 64.0800
96.6100 241.5000 6.8000 47.0000 H-K9 1.5164 64.0800
96.0900 51.5400 10.0000 47.6000 H-LAK7A 1.713004 53.8681
51.5400 96.0900 10.0000 47.6000 H-LAK7A 1.713004 53.8681
337.3000 119.1200 8.0000 48.0000 H-K9 1.5164 64.0800
119.1200 337.3000 8.0000 48.0000 H-K9 1.5164 64.0800
195.8800 77.2700 10.0000 48.0000 H-K9 1.5164 64.0800
77.2700 195.8800 10.0000 48.0000 H-K9 1.5164 64.0800
52.2900 142.2200 10.7800 48.0000 H-QK3L 1.487491 70.4196
142.2200 52.2900 10.7800 48.0000 H-QK3L 1.487491 70.4196
62.5000 0.0000 7.5000 48.0000 H-ZF7LA 1.805189 25.4773
0.0000 62.5000 7.5000 48.0000 H-ZF7LA 1.805189 25.4773
31.4800 171.4000 14.2000 48.0000 H-ZK9 1.620405 60.2951
171.4000 31.4800 14.2000 48.0000 H-ZK9 1.620405 60.2951
36.8000 31.7000 23.0000 48.8000 H-FK61 1.496998 81.5947
31.7000 36.8000 23.0000 48.8000 H-FK61 1.496998 81.5947
93.0700 0.0000 7.5000 50.0000 H-ZLAF56B 1.806105 33.2869
0.0000 93.0700 7.5000 50.0000 H-ZLAF56B 1.806105 33.2869
316.4000 218.0000 6.0000 50.0000 H-K9 1.5164 64.0800
218.0000 316.4000 6.0000 50.0000 H-K9 1.5164 64.0800
119.1200 262.7700 5.0000 50.0000 H-K9 1.5164 64.0800
262.7700 119.1200 5.0000 50.0000 H-K9 1.5164 64.0800
328.1000 66.4000 7.6000 50.0000 H-K9 1.5164 64.0800
66.4000 328.1000 7.6000 50.0000 H-K9 1.5164 64.0800
67.9200 916.2000 6.5000 50.0000 H-K9 1.5164 64.1170
916.2000 67.9200 6.5000 50.0000 H-K9 1.5164 64.1170
67.5000 191.3300 9.1000 50.2000 H-ZLAF68N 1.883001 39.2253
191.3300 67.5000 9.1000 50.2000 H-ZLAF68N 1.883001 39.2253
184.2500 274.0200 9.0000 50.8000 H-BAK7 1.568832 56.0596
274.0200 184.2500 9.0000 50.8000 H-BAK7 1.568832 56.0596
738.5000 398.1000 4.0000 50.8000 H-K9 1.5164 64.0800
398.1000 738.5000 4.0000 50.8000 H-K9 1.5164 64.0800
112.2100 95.9400 8.2000 50.8000 H-LAK10 1.651133 55.9038
95.9400 112.2100 8.2000 50.8000 H-LAK10 1.651133 55.9038
71.1200 44.1700 16.0000 50.8000 H-ZBAF52 1.670031 47.1975
44.1700 71.1200 16.0000 50.8000 H-ZBAF52 1.670031 47.1975
109.8600 93.1100 8.5000 50.8000 H-K9L 1.516797 64.2124
93.1100 109.8600 8.5000 50.8000 H-K9L 1.516797 64.2124
51.8000 44.6000 16.0000 50.8000 H-ZBAF52 1.670031 47.1975
44.6000 51.8000 16.0000 50.8000 H-ZBAF52 1.670031 47.1975
137.0900 111.6900 7.5000 50.8000 H-K9L 1.516797 64.2124
111.6900 137.0900 7.5000 50.8000 H-K9L 1.516797 64.2124
125.6000 161.5000 6.5000 50.8000 H-ZBAF52 1.670031 47.1975
161.5000 125.6000 6.5000 50.8000 H-ZBAF52 1.670031 47.1975
54.9000 46.4000 16.0000 50.8000 H-ZBAF52 1.670031 47.1975
46.4000 54.9000 16.0000 50.8000 H-ZBAF52 1.670031 47.1975
121.2200 146.1400 6.6000 50.8000 H-ZBAF52 1.670031 47.1975
146.1400 121.2200 6.6000 50.8000 H-ZBAF52 1.670031 47.1975
44.6700 48.3100 17.0000 50.8000 H-ZBAF52 1.670031 47.1975
48.3100 44.6700 17.0000 50.8000 H-ZBAF52 1.670031 47.1975
137.9700 100.7200 9.5000 50.8000 H-LAK10 1.651133 55.9038
100.7200 137.9700 9.5000 50.8000 H-LAK10 1.651133 55.9038
276.4200 413.8500 9.0000 50.8000 H-BAK7 1.568832 56.0596
413.8500 276.4200 9.0000 50.8000 H-BAK7 1.568832 56.0596
144.4000 115.4000 9.5000 50.8000 H-LAK10 1.651133 55.9038
115.4000 144.4000 9.5000 50.8000 H-LAK10 1.651133 55.9038
280.5500 208.0000 4.5000 50.8000 H-LAK10 1.651133 55.9038
208.0000 280.5500 4.5000 50.8000 H-LAK10 1.651133 55.9038
219.8000 186.7500 5.0000 50.8000 H-K9L 1.516797 64.2124
186.7500 219.8000 5.0000 50.8000 H-K9L 1.516797 64.2124
70.6300 111.1700 10.5000 51.0000 H-K9 1.5164 64.0800
111.1700 70.6300 10.5000 51.0000 H-K9 1.5164 64.0800
69.8200 103.7500 9.7000 51.5000 H-K9 1.5164 64.0800
103.7500 69.8200 9.7000 51.5000 H-K9 1.5164 64.0800
81.2800 119.6700 8.8000 51.5000 H-K9 1.5164 64.0800
119.6700 81.2800 8.8000 51.5000 H-K9 1.5164 64.0800
69.8200 103.7500 9.8000 51.5000 H-K9 1.5164 64.0800
103.7500 69.8200 9.8000 51.5000 H-K9 1.5164 64.0800
69.8200 103.7500 9.8000 51.5000 H-K9 1.5164 64.1170
103.7500 69.8200 9.8000 51.5000 H-K9 1.5164 64.1170
119.6700 81.2800 8.8000 51.5000 H-K9 1.5164 64.1170
81.2800 119.6700 8.8000 51.5000 H-K9 1.5164 64.1170
128.5300 68.7100 10.2000 52.0000 H-K9L 1.516797 64.2124
68.7100 128.5300 10.2000 52.0000 H-K9L 1.516797 64.2124
83.6800 89.5300 9.5000 52.0000 H-FK61 1.496998 81.5947
89.5300 83.6800 9.5000 52.0000 H-FK61 1.496998 81.5947
89.1300 127.6400 9.1000 52.0000 H-FK61 1.496998 81.5947
127.6400 89.1300 9.1000 52.0000 H-FK61 1.496998 81.5947
101.1600 161.8100 7.3000 53.0000 H-FK61 1.496998 81.5947
161.8100 101.1600 7.3000 53.0000 H-FK61 1.496998 81.5947
86.5000 100.2300 13.0000 53.0000 H-ZK6 1.612719 58.6049
100.2300 86.5000 13.0000 53.0000 H-ZK6 1.612719 58.6049
77.9800 126.4700 10.0000 54.0000 H-K9 1.5164 64.0800
126.4700 77.9800 10.0000 54.0000 H-K9 1.5164 64.0800
40.8400 62.0600 18.0000 54.0000 H-K9 1.5164 64.0800
62.0600 40.8400 18.0000 54.0000 H-K9 1.5164 64.0800
215.1300 75.0700 10.2000 54.0000 H-K9 1.5164 64.0800
75.0700 215.1300 10.2000 54.0000 H-K9 1.5164 64.0800
88.9500 168.9700 10.0000 54.0000 H-K9L 1.516797 64.2124
168.9700 88.9500 10.0000 54.0000 H-K9L 1.516797 64.2124
203.1620 90.3760 10.0000 54.0000 H-K9L 1.516797 64.2124
90.3760 203.1620 10.0000 54.0000 H-K9L 1.516797 64.2124
256.6980 256.6980 8.0000 55.0000 H-K9L 1.516797 64.2124
0.0000 62.5000 7.5000 55.0000 H-ZF7LA 1.805189 25.4773
62.5000 0.0000 7.5000 55.0000 H-ZF7LA 1.805189 25.4773
88.1000 645.7000 8.5000 57.0000 H-K9 1.5164 64.0800
645.7000 88.1000 8.5000 57.0000 H-K9 1.5164 64.0800
1269.2100 105.1700 7.5000 57.0000 H-FK61 1.496998 81.5947
105.1700 1269.2100 7.5000 57.0000 H-FK61 1.496998 81.5947
131.2200 131.2200 8.5000 58.0000 H-FK61 1.496998 81.5947
106.6600 106.6600 10.0000 58.0000 H-K9 1.5164 64.0800
114.2900 76.2100 11.1000 58.0000 H-FK61 1.496998 81.5947
76.2100 114.2900 11.1000 58.0000 H-FK61 1.496998 81.5947
142.5200 397.4200 6.0000 61.0000 H-ZK11 1.638543 55.4715
397.4200 142.5200 6.0000 61.0000 H-ZK11 1.638543 55.4715
133.6600 178.6500 8.1000 63.0000 H-FK61 1.496998 81.5947
178.6500 133.6600 8.1000 63.0000 H-FK61 1.496998 81.5947
102.1200 128.1000 12.5000 64.0000 H-K9 1.5164 64.0800
128.1000 102.1200 12.5000 64.0000 H-K9 1.5164 64.0800
71.2500 1200.0000 11.2000 64.5000 H-ZK9 1.620405 60.2951
1200.0000 71.2500 11.2000 64.5000 H-ZK9 1.620405 60.2951
196.2400 158.4000 9.5000 67.0000 H-K9 1.5164 64.0800
158.4000 196.2400 9.5000 67.0000 H-K9 1.5164 64.0800
144.2100 194.5400 9.0000 68.0000 H-FK61 1.496998 81.5947
194.5400 144.2100 9.0000 68.0000 H-FK61 1.496998 81.5947
177.9000 0.0000 10.9200 77.0000 H-ZF7LA 1.805189 25.4773
0.0000 177.9000 10.9200 77.0000 H-ZF7LA 1.805189 25.4773
109.0000 0.0000 8.7200 78.0000 H-ZK11 1.638543 55.4715
0.0000 109.0000 8.7200 78.0000 H-ZK11 1.638543 55.4715
180.3000 218.8000 10.3000 83.0000 H-FK61 1.496998 81.5947
218.8000 180.3000 10.3000 83.0000 H-FK61 1.496998 81.5947
0.0000 86.5410 13.0000 85.0000 H-ZK11 1.638543 55.4715
86.5410 0.0000 13.0000 85.0000 H-ZK11 1.638543 55.4715
483.0000 119.7000 13.0000 88.8000 H-K9 1.5164 64.0800
119.7000 483.0000 13.0000 88.8000 H-K9 1.5164 64.0800
119.7000 483.0000 13.0000 88.8000 H-K9L 1.516797 64.2124
483.0000 119.7000 13.0000 88.8000 H-K9L 1.516797 64.2124
9.2040 11.5350 3.0000 89.0000 H-K9 1.5164 64.0800
11.5350 9.2040 3.0000 89.0000 H-K9 1.5164 64.0800
0.0000 288.5500 9.0000 112.0000 H-ZF7L 1.805184 25.4584
288.5500 0.0000 9.0000 112.0000 H-ZF7L 1.805184 25.4584
188.7000 0.0000 17.5000 135.0000 H-K9L 1.516797 64.2124
0.0000 188.7000 17.5000 135.0000 H-K9L 1.516797 64.2124
