2 3 3 5
2 6 3 21
2 6 3 29
2 7 3 27
2 8 3 27
2 14 3 41
2 15 3 44
2 18 3 44
2 19 3 41
2 21 3 51
2 22 3 54
2 23 3 54
2 25 3 57
2 26 3 59
2 26 3 63
2 27 3 61
2 28 3 59
2 28 3 63
2 29 3 65
2 30 3 67
2 39 3 102
2 41 3 108
2 43 3 112
2 51 3 135
2 52 3 141
2 55 3 148
2 58 3 153
2 63 3 173
2 64 3 176
2 71 3 212
2 72 3 213
2 73 3 213
2 74 3 199
2 74 3 205
2 81 3 236
2 81 3 245
2 83 3 237
2 88 3 236
2 88 3 245
2 89 3 234
2 95 3 252
2 99 3 258
2 100 3 260
2 103 3 286
2 104 3 285
2 112 3 327
2 113 3 338
2 118 3 347
2 123 3 355
2 128 3 390
2 133 3 381
2 136 3 385
2 137 3 387
2 140 3 389
2 141 3 394
2 143 3 405
2 144 3 407
2 145 3 413
2 146 3 419
2 147 3 425
2 148 3 427
2 150 3 398
2 150 3 433
2 151 3 443
2 152 3 445
2 153 3 430
2 153 3 449
2 154 3 451
2 155 3 412
2 155 3 457
2 156 3 459
2 157 3 463
2 159 3 465
2 160 3 472
2 160 3 527
2 162 3 480
2 162 3 482
2 162 3 521
2 163 3 480
2 163 3 482
2 163 3 521
2 164 3 486
2 164 3 490
2 168 3 502
2 169 3 499
2 170 3 504
2 171 3 486
2 171 3 490
2 172 3 508
2 174 3 532
2 175 3 513
2 178 3 536
2 180 3 539
2 181 3 538
2 181 3 541
2 182 3 544
2 182 3 551
2 182 3 570
2 183 3 574
2 189 3 556
2 191 3 548
2 192 3 562
2 195 3 544
2 195 3 551
2 195 3 570
2 197 3 566
2 201 3 580
2 207 3 593
2 208 3 591
2 214 3 598
2 214 3 599
2 215 3 598
2 215 3 599
2 219 3 600
2 223 3 598
2 223 3 599
2 233 3 612
2 234 3 623
2 235 3 620
2 235 3 625
2 236 3 627
2 237 3 629
2 240 3 632
2 250 3 646
2 252 3 648
2 252 3 655
2 253 3 651
2 254 3 653
2 258 3 661
2 260 3 662
2 261 3 661
2 262 3 664
2 264 3 667
2 265 3 667
2 266 3 668
2 267 3 670
2 269 3 679
2 271 3 681
2 272 3 683
2 274 3 687
2 277 3 688
2 280 3 690
2 280 3 691
2 281 3 690
2 281 3 691
2 284 3 694
2 287 3 696
2 287 3 699
2 287 3 701
2 289 3 696
2 289 3 699
2 289 3 701
2 293 3 707
2 295 3 717
2 298 3 735
2 301 3 740
2 302 3 743
2 303 3 745
2 303 3 800
2 304 3 746
2 304 3 780
2 304 3 796
2 305 3 747
2 305 3 797
2 306 3 750
2 307 3 795
2 310 3 754
2 311 3 758
2 312 3 760
2 314 3 763
2 314 3 786
2 315 3 768
2 316 3 776
2 317 3 783
2 318 3 777
2 319 3 746
2 319 3 780
2 319 3 796
2 320 3 746
2 320 3 780
2 320 3 796
2 321 3 747
2 321 3 797
2 322 3 745
2 322 3 800
2 323 3 795
2 324 3 750
2 325 3 781
2 327 3 782
2 328 3 790
2 329 3 768
2 331 3 781
2 332 3 803
2 333 3 805
2 334 3 809
2 334 3 818
2 334 3 839
2 335 3 811
2 335 3 820
2 335 3 835
2 336 3 813
2 337 3 815
2 340 3 834
2 340 3 838
2 343 3 809
2 343 3 818
2 343 3 839
2 345 3 811
2 345 3 820
2 345 3 835
2 346 3 834
2 346 3 838
2 347 3 821
2 349 3 824
2 350 3 829
2 351 3 831
2 352 3 811
2 352 3 820
2 352 3 835
2 353 3 805
2 354 3 808
2 357 3 815
2 358 3 813
2 363 3 870
2 366 3 880
2 367 3 874
2 372 3 906
2 373 3 886
2 374 3 888
2 375 3 890
2 376 3 892
2 377 3 894
2 378 3 896
2 379 3 900
2 380 3 906
2 381 3 908
2 382 3 910
2 383 3 912
2 384 3 914
2 386 3 917
2 386 3 921
2 386 3 923
2 387 3 919
2 387 3 926
2 388 3 917
2 388 3 921
2 388 3 923
2 389 3 919
2 389 3 926
2 390 3 917
2 390 3 921
2 390 3 923
2 391 3 928
2 392 3 929
2 394 3 931
2 401 3 939
2 403 3 954
2 405 3 955
2 411 3 974
