11.7000 -3.2100 1.0000 5.5000 H-ZK11 1.638543 55.4715
4.3700 -6.2230 1.5400 6.0000 H-ZF52A 1.846670 23.7912
20.2640 -7.1880 1.4000 6.3000 H-ZF11 1.698948 30.0531
22.0000 -4.3700 0.8000 7.0000 F3 1.616592 36.6274
11.3000 -22.2800 1.5000 8.0000 H-ZF7LA 1.805189 25.4773
27.7900 -9.2040 0.9000 9.0000 F3 1.616592 36.6274
14.0600 -7.3970 2.0000 9.0000 H-ZF2 1.672702 32.1789
14.0600 -7.3970 2.7900 9.0000 ZF2 1.672707 32.1810
9.6350 -40.7300 1.9000 9.2000 H-ZBAF21 1.723418 38.0220
7.5300 -42.0700 5.8800 9.6000 H-K9L 1.516797 64.2124
10.3200 -3.7060 0.8800 11.0000 H-ZF52A 1.846670 23.7912
21.5000 -11.3760 0.7000 11.0000 H-ZF2 1.672702 32.1789
52.3400 -8.8600 1.5000 11.4000 H-ZK50 1.607382 56.6670
20.5600 -10.0100 2.0000 12.0000 ZF1 1.647693 33.8369
29.0400 -12.8530 2.0000 12.0000 ZF1 1.647693 33.8369
16.9430 -39.8100 2.6000 12.0000 ZF6 1.755205 27.5462
16.8900 -64.5500 2.0000 12.0000 H-QK3L 1.487491 70.4196
29.0400 -12.8530 2.8600 12.0000 H-ZF1 1.647693 33.8423
20.5600 -10.0100 3.1000 12.0000 H-ZF1 1.647693 33.8423
16.9430 -39.8100 2.6000 12.0000 H-ZF6 1.755205 27.5474
58.2940 -12.8640 1.5000 12.5000 H-ZF4 1.728248 28.3216
32.2000 -14.6070 2.0000 12.5000 H-ZF2 1.672702 32.1789
32.2000 -14.6070 2.0000 12.5000 ZF2 1.672707 32.1810
16.4800 -154.2000 2.3000 12.7000 H-ZF2 1.672702 32.1789
68.5200 -13.7600 1.0000 12.7000 H-ZF52A 1.846670 23.7912
177.2900 -34.9600 1.5000 12.7000 H-ZF1 1.647693 33.8423
102.4400 -22.6400 2.0000 12.7000 ZF1 1.647693 33.8369
177.2900 -34.9600 1.5000 12.7000 ZF1 1.647693 33.8369
52.1400 -13.8200 1.0000 12.7000 ZF1 1.647693 33.8369
82.3200 -17.8200 2.0000 12.7000 H-ZF52A 1.846670 23.7912
14.0300 -152.7600 3.0000 12.7000 H-ZF7LA 1.805189 25.4773
66.6800 -22.5300 1.3000 13.0000 H-K9L 1.516797 64.2124
6.8082 -7.7672 5.0000 13.4000 H-ZF1 1.647693 33.8423
6.8082 -7.7672 5.0000 13.4000 ZF1 1.647693 33.8369
67.6100 -22.8600 1.4000 14.0000 H-K9 1.5164 64.0800
11.5600 -57.9300 2.7500 14.0000 H-ZK11 1.638543 55.4715
67.6100 -22.8600 1.4000 14.5000 H-K9L 1.516797 64.2124
62.3700 -29.3800 1.4000 15.0000 H-K9 1.5164 64.0800
199.5300 -12.4450 1.3000 15.0000 ZF7 1.806277 25.3801
53.3700 -16.8660 1.5000 15.0000 H-ZF1 1.647693 33.8423
128.4000 -13.1700 1.5000 15.0000 SF10 1.728250 28.3470
54.1700 -23.0600 1.4900 15.0000 H-ZF52A 1.846670 23.7912
152.8200 -48.1800 4.0000 15.0000 H-ZF4 1.728248 28.3216
62.3700 -29.3800 1.4000 15.0000 H-K9 1.5164 64.1170
36.3490 -40.9380 4.2500 15.5000 H-ZF72A 1.922867 18.8955
572.2800 -16.6190 0.7000 15.5000 S-LAH59 1.816000 46.6206
13.8890 -57.2970 3.0000 16.0000 H-ZK3 1.589128 61.2476
197.9800 -22.5970 1.2000 16.0000 H-ZF52A 1.846670 23.7912
84.3300 -38.3700 1.6000 16.0000 H-K9L 1.516797 64.2124
48.9800 -461.6000 3.2800 16.4000 H-K9 1.5164 64.0800
36.3440 -16.3120 2.1000 17.0000 H-ZF2 1.672702 32.1789
69.5000 -12.0780 1.4000 17.0000 ZF52 1.846669 23.8275
32.0900 -24.8000 2.5000 17.0000 QF6 1.531719 48.7556
110.2910 -15.2620 2.2700 17.0000 H-LAK51A 1.696800 55.5342
83.5000 -15.5000 1.5000 17.0000 H-ZF50 1.740773 27.7617
32.0900 -24.8000 2.5000 17.0000 S-TIL6 1.531717 48.8407
62.3700 -29.3800 1.4000 17.0000 H-K9L 1.516797 64.2124
118.0000 -30.7600 2.7000 17.0000 ZF10 1.688934 31.1848
14.8940 -64.2700 3.5000 17.5000 H-ZK9 1.620405 60.2951
14.3550 -27.0400 3.0000 18.0000 ZF7 1.806277 25.3801
18.3650 -81.8700 10.7000 18.0000 H-ZK11 1.638543 55.4715
21.1750 -5.6680 0.9000 18.0000 H-LAK7 1.712991 53.9319
87.8968 -22.4517 1.5000 18.0000 ZF2 1.672707 32.1810
329.6000 -17.0600 1.5000 18.5000 H-ZF13 1.784721 25.7197
22.9480 -7.2170 2.2000 18.5000 H-LAF10LA 1.787998 47.5166
15.4170 -12.4740 1.6000 19.0000 ZF3 1.717365 29.5104
12.4740 -16.8270 4.0000 19.0000 H-K9L 1.516797 64.2124
15.4880 -248.9000 4.4000 19.0000 H-ZK9 1.620405 60.2951
50.3180 -20.1780 1.9000 19.0000 H-LAK51 1.696798 55.5129
33.3400 -5.6500 2.0000 19.0000 H-K9 1.5164 64.0800
118.3000 -42.9500 2.0000 19.0000 H-ZF2 1.672702 32.1789
48.5300 -30.5500 2.1800 19.0000 H-ZF7L 1.805184 25.4584
48.5300 -30.5500 1.6000 19.0000 ZF7L 1.805190 25.4712
263.0000 -15.4880 1.3000 19.0000 ZF13 1.784724 25.7541
15.4880 -751.6000 1.5000 19.0000 ZF52 1.846669 23.8275
140.7840 -31.6120 3.5000 19.5000 H-ZF52A 1.846670 23.7912
15.6302 -24.6524 2.9580 19.6000 H-ZK21 1.622995 58.1542
751.6000 -45.6800 1.5000 20.0000 H-QK1 1.470466 66.8845
66.6800 -30.5500 1.8000 20.0000 H-K9L 1.516797 64.2124
23.2000 -34.9440 3.4400 20.0000 H-LAK7A 1.713004 53.8681
76.2000 -27.0000 1.3000 20.0000 H-ZF2 1.672702 32.1789
63.5530 -16.2950 2.5000 20.0000 H-K9 1.5164 64.0800
538.7000 -25.6600 2.3000 20.0000 ZF4 1.728251 28.3239
40.8000 -48.9000 3.0000 20.0000 H-K9L 1.516797 64.2124
115.4500 -42.6600 2.7000 20.0000 H-ZF7L 1.805184 25.4584
33.2600 -16.2140 7.5000 20.0000 H-LAF4 1.749501 35.0209
50.5260 -21.3570 2.0000 20.0000 H-ZF12 1.761823 26.6132
76.2000 -27.0000 20.0000 20.0000 H-ZF2 1.672702 32.1789
23.2000 -32.2100 3.1000 20.0000 H-LAF62 1.719999 43.6912
23.2000 -34.9400 3.4400 20.0000 H-LAK7A 1.713004 53.8681
36.6500 -108.0000 3.1000 20.0000 ZF2 1.672707 32.1810
67.9200 -22.5900 2.2000 21.0000 H-K9 1.5164 64.0800
30.2700 -23.0700 2.2000 21.0000 H-K9 1.5164 64.0800
338.3520 -62.9300 1.5000 21.0000 H-K9L 1.516797 64.2124
122.2900 -42.1800 2.6000 21.0000 SF8 1.688930 31.1447
67.9200 -22.5900 2.2000 21.0000 H-K9 1.5164 64.1170
30.2700 -23.0700 2.2000 21.0000 H-K9 1.5164 64.1170
338.3500 -62.9300 1.5000 21.0000 H-K9 1.5164 64.1170
140.7840 -31.6120 3.5000 21.4000 H-ZF52A 1.846670 23.7912
529.7000 -29.2400 1.5000 21.5000 ZF4 1.728251 28.3239
16.3700 -46.9300 3.9100 22.0000 H-FK61 1.496998 81.5947
13.6200 -123.7600 6.4000 22.0000 H-ZK9A 1.620412 60.3682
34.8030 -16.3570 3.0000 22.0000 H-F4 1.620047 36.3479
16.7400 -150.0000 5.0000 22.0000 H-ZK3 1.589128 61.2476
19.5000 -116.0000 4.5000 22.4100 H-ZLAF68B 1.883004 40.8069
66.6800 -38.9000 2.0000 22.5000 H-K9L 1.516797 64.2124
22.6483 -35.0620 2.9730 22.6000 H-LAK6A 1.693501 53.3477
73.2800 -33.2900 1.8000 23.0000 H-K9 1.5164 64.0800
86.7000 -36.2200 2.0000 23.0000 H-K9 1.5164 64.0800
21.2800 -52.8080 3.3000 23.0000 H-ZK3 1.589128 61.2476
19.1430 -54.7400 4.0000 23.0000 H-ZK11 1.638543 55.4715
34.3600 -14.1910 1.4000 23.0000 ZF13 1.784724 25.7541
66.3700 -29.2400 2.0000 23.0000 H-ZF7L 1.805184 25.4584
86.7000 -36.2200 2.0000 23.0000 H-K9 1.5164 64.1170
86.7000 -36.2000 2.0000 23.0000 H-K9 1.5164 64.1170
73.2800 -33.2900 1.8000 23.0000 H-K9 1.5164 64.1170
404.6200 -38.1900 1.0000 23.5000 LZ_LK3 1.487460 70.0735
34.3800 -16.1700 1.4000 23.6000 H-ZF7LA 1.805189 25.4773
25.0200 -165.3200 3.9200 24.0000 LAH65 1.804000 46.5759
23.3190 -44.2810 3.5000 24.0000 H-ZF13 1.784721 25.7197
21.0000 -33.0000 4.0000 24.0000 H-ZK3 1.589128 61.2476
44.4700 -16.1800 1.9000 24.0000 H-ZF7LA 1.805189 25.4773
20.8000 -213.0000 5.3000 24.0000 H-ZK3 1.589128 61.2476
29.9200 -24.7200 2.0000 25.0000 H-K9 1.5164 64.0800
146.4500 -38.3700 3.0000 25.0000 H-ZF2 1.672702 32.1789
69.2700 -40.4000 2.4400 25.0000 H-BAK7 1.568832 56.0596
49.1000 -21.9600 2.0000 25.0000 H-BAK7 1.568832 56.0596
17.7300 -1500.0000 6.5000 25.0000 H-ZK3 1.589128 61.2476
18.0000 -150.0000 6.0000 25.0000 H-K9 1.5164 64.0800
18.0000 -150.0000 6.0000 25.0000 H-K9L 1.516797 64.2124
26.1100 -400.0000 5.0000 25.0000 H-LAK52 1.729164 54.6690
61.2600 -11.5100 1.5000 25.0000 H-ZLAF90 2.000689 25.4351
303.0000 -20.0000 1.9000 25.0000 H-ZF13 1.784721 25.7197
17.8900 -72.0430 6.8000 25.0000 H-ZK7 1.613095 60.6144
18.0600 -103.0400 6.5000 25.0000 H-ZK11 1.638543 55.4715
142.5050 -47.0220 2.5000 25.0000 H-ZF11 1.698948 30.0531
126.7890 -41.0220 3.0000 25.0000 H-ZF62 1.922866 20.8821
29.9200 -24.7200 2.0000 25.0000 H-K9 1.5164 64.1170
14.6550 -33.0400 6.1000 25.0000 LAH65 1.804000 46.5759
128.9000 -44.3000 2.8000 25.0000 ZF2 1.672707 32.1810
454.7990 -43.1310 1.4000 25.2000 H-ZF1 1.647693 33.8423
166.7200 -22.7500 2.5000 25.4000 H-ZF7L 1.805184 25.4584
217.3600 -43.3600 4.0000 25.4000 H-ZF7LA 1.805189 25.4773
97.2700 -18.6200 1.5000 25.4000 H-ZF7LA 1.805189 25.4773
79.0800 -16.1800 1.5000 25.4000 H-ZF7LA 1.805189 25.4773
557.4000 -186.7500 2.0000 25.4000 H-ZF1 1.647693 33.8423
93.0800 -17.4400 3.0000 25.4000 H-ZF7LA 1.805189 25.4773
152.8200 -48.1800 4.0000 25.4000 H-ZF4 1.728248 28.3216
39.1700 -489.8000 4.3000 25.4000 H-ZF2 1.672702 32.1789
165.2000 -33.0000 1.7000 25.4000 H-ZF7L 1.805184 25.4584
417.8000 -42.1700 19.8000 25.4000 H-ZF7LA 1.805189 25.4773
93.5400 -38.0200 48.8000 25.4000 H-ZF7LA 1.805189 25.4773
95.5400 -33.9100 50.8000 25.4000 H-ZF2 1.672702 32.1789
738.5000 -181.5500 25.4000 25.4000 H-ZF1 1.647693 33.8423
143.9200 -21.0900 1.8000 25.4000 H-ZF7L 1.805184 25.4584
137.5300 -28.7700 3.5000 25.4000 H-ZF7LA 1.805189 25.4773
95.9000 -26.2000 2.0000 25.4000 H-ZF72A 1.922867 18.8955
32.5100 -189.2300 4.5000 25.4000 H-ZF7L 1.805184 25.4584
137.0900 -21.2800 2.5000 25.4000 H-ZF7LA 1.805189 25.4773
75.5200 -22.0300 1.8000 26.0000 ZF6 1.755205 27.5462
124.1700 -47.4200 2.3000 26.0000 H-K9L 1.516797 64.2124
140.6000 -43.2600 2.0000 26.0000 ZF3 1.717365 29.5104
527.2000 -43.2600 2.0000 26.0000 F4 1.620047 36.3567
80.1700 -19.4980 1.8000 26.0000 ZF7 1.806277 25.3801
21.0900 -57.2800 4.3000 26.0000 H-ZK3 1.589128 61.2476
18.0300 -64.5700 5.5000 26.0000 H-ZK9 1.620405 60.2951
21.2800 -43.2500 4.1000 26.0000 LZ_LK3 1.487460 70.0735
278.0520 -55.9590 1.5000 26.0000 H-ZF2 1.672702 32.1789
25.4100 -142.5600 5.9000 26.0000 H-K9L 1.516797 64.2124
334.2000 -20.3200 6.3500 26.0000 H-ZF13 1.784721 25.7197
80.1700 -19.4980 1.8000 26.0000 H-ZF7L 1.805184 25.4584
66.3700 -35.1600 2.0000 26.0000 H-ZF7L 1.805184 25.4584
22.6483 -35.0620 2.9730 26.0000 H-LAK6A 1.693501 53.3477
278.0520 -55.9500 1.5000 26.0000 ZF2 1.672707 32.1810
24.8000 -180.0000 5.0000 26.0000 H-K9L 1.516797 64.2124
80.0100 -19.1180 3.1000 26.0000 H-ZF7LA 1.805189 25.4773
199.0000 -65.0000 3.3000 26.4000 H-ZF2 1.672702 32.1789
609.5000 -36.1400 1.5000 26.5000 ZF4 1.728251 28.3239
57.8100 -17.3780 1.6000 26.5000 H-ZF52A 1.846670 23.7912
198.1500 -63.9700 2.5000 26.5000 H-ZF6 1.755205 27.5474
193.6400 -38.3700 2.5000 26.5000 H-F4 1.620047 36.3479
456.0000 -41.6900 2.3000 27.0000 F4 1.620047 36.3567
64.5700 -760.3000 4.5000 27.0000 H-K9 1.5164 64.0800
75.5100 -40.1800 2.3000 27.0000 H-K9 1.5164 64.0800
66.6800 -38.9000 2.3000 27.0000 H-K9 1.5164 64.0800
21.0400 -168.6600 5.8000 27.0000 H-ZK3 1.589128 61.2476
20.3200 -21.3300 5.5000 27.0000 H-LAF2 1.716996 47.9202
18.3230 -92.6800 6.7000 27.0000 H-ZK9A 1.620412 60.3682
103.7500 -21.6800 1.2000 27.0000 H-ZF7L 1.805184 25.4584
66.6800 -38.9000 2.3000 27.0000 H-K9L 1.516797 64.2124
322.1000 -22.2300 2.0000 27.0000 H-ZF52A 1.846670 23.7912
89.0900 -45.5900 1.5000 27.0000 H-ZF7L 1.805184 25.4584
89.1700 -21.6000 4.0000 27.0000 H-ZF7L 1.805184 25.4584
79.0900 -10.0000 2.3400 27.0000 H-ZK9B 1.620412 60.3739
456.0000 -41.6900 4.5460 27.0000 H-F4 1.620047 36.3479
75.5100 -40.1800 4.6360 27.0000 H-K9 1.5164 64.0800
43.3200 -19.9370 1.6000 27.0000 H-ZF7LA 1.805189 25.4773
770.9000 -110.1500 2.3000 27.0000 H-ZK3 1.589128 61.2476
748.2000 -90.7800 3.0000 27.0000 H-K9L 1.516797 64.2124
66.6800 -38.9000 2.3000 27.0000 H-K9 1.5164 64.1170
168.8000 -47.8400 2.0000 27.0000 H-ZBAF21 1.723418 38.0220
527.0000 -74.1300 2.0000 27.5000 H-K9 1.5164 64.0800
751.6000 -46.8800 2.0000 27.5000 H-K9 1.5164 64.0800
751.6000 -78.5200 2.0000 27.5000 H-K9 1.5164 64.0800
21.2800 -43.2500 4.1000 27.5000 LZ_LK3 1.487460 70.0735
21.8800 -43.2500 4.1000 27.5000 H-K9 1.5164 64.0800
21.8800 -278.0500 5.8000 27.5000 H-K9 1.5164 64.0800
127.1000 -41.0100 1.8000 27.5000 H-ZBAF52 1.670031 47.1975
299.6000 -50.2900 2.0000 27.5000 H-ZK9A 1.620412 60.3682
751.6000 -50.1200 2.3000 27.5000 H-ZK11 1.638543 55.4715
751.6000 -46.8800 2.0000 27.5000 H-K9 1.5164 64.1170
751.6000 -78.5200 2.0000 27.5000 H-K9 1.5164 64.1170
527.0000 -74.1300 2.0000 27.5000 H-K9 1.5164 64.1170
82.6000 -36.1400 2.3000 28.0000 ZF7 1.806277 25.3801
77.3300 -36.1400 1.8000 28.0000 ZF7 1.806277 25.3801
59.7000 -38.5300 2.2000 28.0000 H-K9 1.5164 64.0800
166.7200 -54.2000 2.8000 28.0000 H-K9 1.5164 64.0800
63.2800 -32.2100 2.7000 28.0000 H-K9 1.5164 64.0800
66.6800 -38.7300 2.4000 28.0000 H-K9L 1.516797 64.2124
66.6800 -43.0500 2.6000 28.0000 H-K9L 1.516797 64.2124
22.7400 -23.8200 4.5500 28.0000 H-ZF52A 1.846670 23.7912
24.8300 -8.6680 1.2000 28.0000 H-LAK7 1.712991 53.9319
82.6000 -36.1400 5.1220 28.0000 H-ZF7L 1.805184 25.4584
250.0000 -25.8800 5.8000 28.0000 H-ZF6 1.755205 27.5474
59.7000 -38.5300 2.2000 28.0000 H-K9 1.5164 64.1170
181.5600 -41.7320 1.9300 28.2000 N-F2 1.620050 36.4300
71.7800 -36.2200 3.0000 28.5000 H-K9L 1.516797 64.2124
66.6800 -38.9000 3.4600 28.5000 H-K9L 1.516797 64.2124
50.8200 -33.2700 2.2000 30.0000 H-K9 1.5164 64.0800
172.9800 -56.8900 3.0000 30.0000 H-K9 1.5164 64.0800
164.0600 -54.0800 2.8000 30.0000 H-K9 1.5164 64.0800
73.0500 -40.4500 2.2000 30.0000 H-K9 1.5164 64.0800
103.0400 -33.0400 2.0000 30.0000 F4 1.620047 36.3567
216.3000 -42.6900 2.0000 30.0000 H-ZF7LA 1.805189 25.4773
161.5000 -29.3800 2.0000 30.0000 H-ZF7LA 1.805189 25.4773
170.8900 -50.0000 3.7000 30.0000 H-F4 1.620047 36.3479
75.6800 -22.7000 19.8000 30.0000 H-ZF7LA 1.805189 25.4773
25.3400 -37.8600 3.1000 30.0000 H-ZPK7 1.569070 71.3066
25.3400 -37.8600 3.4000 30.0000 H-ZPK7 1.569070 71.3066
189.8000 -26.3400 2.6000 30.0000 H-ZF62 1.922866 20.8821
63.6800 -37.2400 2.2000 30.0000 H-K9 1.5164 64.1170
30.6900 -113.0000 4.4100 30.4000 H-LAF53 1.743305 49.2380
29.9050 -11.8860 1.8000 30.5000 H-ZLAF2A 1.802793 46.7741
160.1500 -159.0000 3.0000 30.5000 BK7 1.516800 64.1673
55.8500 -44.5300 2.0000 30.5000 H-ZF52 1.846666 23.7873
44.5300 -82.3200 3.1000 30.5000 H-ZLAF52 1.806099 40.9454
29.9200 -213.3000 10.0000 31.0000 H-ZK9 1.620405 60.2951
38.9900 -53.9500 4.6000 31.0000 H-ZF1 1.647693 33.8423
29.2200 -174.0200 10.1800 31.0000 H-LAF3B 1.744004 44.9042
78.3500 -1045.0000 3.5000 31.0000 H-K9L 1.516797 64.2124
23.5500 -49.0900 4.9000 31.5000 H-ZK3 1.589128 61.2476
609.5000 -44.7700 1.5000 31.5000 ZF4 1.728251 28.3239
169.0400 -42.0100 2.5000 31.5000 N-SF5 1.672710 32.2500
101.4000 -31.4760 3.0000 31.5000 H-ZF1 1.647693 33.8423
86.1000 -38.9900 4.1000 32.0000 H-ZK9A 1.620412 60.3682
30.5700 -33.1000 7.0000 32.0000 H-LAF4 1.749501 35.0209
29.3100 -31.9100 5.9600 32.0000 H-ZF2 1.672702 32.1789
657.7000 -52.0000 3.0000 33.0000 F4 1.620047 36.3567
70.6300 -739.6000 4.0000 33.0000 H-K9 1.5164 64.0800
221.3000 -57.4100 2.5000 33.0000 F4 1.620047 36.3567
657.7000 -52.0000 5.4800 33.0000 H-F4 1.620047 36.3479
741.9400 -53.1900 2.0000 33.0000 F4 1.620047 36.3567
70.6900 -739.6000 4.0000 33.0000 H-K9 1.5164 64.1170
909.9000 -38.5300 2.8000 33.5000 F4 1.620047 36.3567
909.9000 -38.5300 2.8000 33.5000 H-F4 1.620047 36.3479
790.7000 -60.9500 2.5000 34.0000 F4 1.620047 36.3567
172.9800 -87.1000 2.5000 34.0000 ZF6 1.755205 27.5462
190.8980 -48.8998 1.7500 34.0000 H-F4 1.620047 36.3479
969.6000 -54.0500 1.5000 34.0000 H-F1 1.603423 38.0091
40.8100 -95.9400 3.8000 34.0000 S-TIL6 1.531717 48.8407
308.3000 -71.0000 2.0000 34.0000 H-F4 1.620047 36.3479
1570.4000 -55.0800 5.5000 34.0000 H-F4 1.620047 36.3479
55.4600 -129.1200 4.0000 34.0000 H-K9L 1.516797 64.2124
304.8000 -62.8100 2.9000 34.0000 H-F1 1.603423 38.0091
30.2000 -242.4100 6.9000 34.0000 H-ZPK7 1.569070 71.3066
30.2000 -242.4100 6.3000 34.0000 H-ZPK7 1.569070 71.3066
98.1700 -31.5500 2.0000 34.0000 F1 1.603417 38.0149
284.7900 -73.8300 1.5000 34.0000 H-ZBAF21 1.723418 38.0220
79.0900 -10.0000 2.3400 34.5000 H-ZK9B 1.620412 60.3739
1571.0000 -145.0000 4.0000 35.0000 H-F4 1.620047 36.3479
3735.3000 -145.0000 4.0000 35.0000 H-F2 1.612934 37.0082
65.7420 -35.4670 2.0000 35.7000 H-ZF7LA 1.805189 25.4773
35.4670 -198.2380 6.5600 35.8000 H-ZBAF20 1.701545 41.1408
574.1300 -34.4400 3.0000 36.0000 H-ZF13 1.784721 25.7197
145.8700 -70.0700 5.1500 36.2000 H-LAF3B 1.744004 44.9042
67.6100 -248.3000 5.6900 37.0000 H-K9 1.5164 64.0800
268.5000 -60.2600 3.0000 37.0000 H-ZF2 1.672702 32.1789
67.6100 -248.3000 5.0000 37.0000 H-K9 1.5164 64.1170
268.5000 -60.2600 3.0000 37.0000 ZF2 1.672707 32.1810
332.7000 -89.3300 5.3000 38.0000 H-ZF4 1.728248 28.3216
76.3600 -76.0300 12.2500 39.0000 H-K9 1.5164 64.0800
57.8400 -33.4100 1.3000 39.0000 H-ZF1 1.647693 33.8423
269.8400 -62.9900 3.5000 40.0000 ZF10 1.688934 31.1848
50.0630 -327.6060 5.0000 40.0000 S-BSM16 1.620411 60.2896
150.0000 -40.8400 2.0000 41.0000 F4 1.620047 36.3567
60.0000 -334.0000 5.2000 41.5000 H-K9L 1.516797 64.2124
28.4000 -62.0000 9.2800 42.0000 H-FK61 1.496998 81.5947
250.6340 -65.2430 3.5000 42.0000 H-F4 1.620047 36.3479
30.1000 -57.2400 6.0700 42.4000 H-ZF1 1.647693 33.8423
61.1600 -21.6700 1.2600 42.4000 H-K9L 1.516797 64.2124
172.4000 -68.2700 2.5000 42.8000 H-ZF1 1.647693 33.8423
982.0000 -59.4600 2.0000 42.8000 H-F1 1.603423 38.0091
3597.0000 -62.3700 3.4000 43.0000 F4 1.620047 36.3567
855.1000 -72.2800 3.4000 43.0000 ZF2 1.672707 32.1810
260.6000 -56.2300 3.5000 43.0000 F4 1.620047 36.3567
275.4000 -73.2800 3.6000 43.0000 F4 1.620047 36.3567
74.4700 -1794.7000 5.2000 43.0000 H-K9 1.5164 64.0800
64.1200 -272.3000 5.7000 43.0000 H-K9 1.5164 64.0800
63.1000 -170.2200 5.6000 43.0000 H-K9 1.5164 64.0800
346.7000 -55.7200 3.0000 43.0000 F4 1.620047 36.3567
381.9000 -68.2300 2.5000 43.0000 ZF2 1.672707 32.1810
258.0000 -73.1100 2.5000 43.0000 ZF2 1.672707 32.1810
65.2800 -3945.0000 5.2000 43.0000 H-K9 1.5164 64.0800
807.2000 -61.2400 2.5000 43.0000 F4 1.620047 36.3567
3162.0000 -66.6800 3.7000 43.0000 H-F4 1.620047 36.3479
236.5000 -97.2500 4.0000 43.0000 ZF1 1.647693 33.8369
71.9400 -117.2200 7.5000 43.0000 H-FK61 1.496998 81.5947
76.0700 -42.3800 2.5000 43.0000 H-F51 1.639803 34.4697
855.1000 -72.2800 6.6720 43.0000 H-ZF2 1.672702 32.1789
275.4000 -72.2800 6.8250 43.0000 H-F4 1.620047 36.3479
260.6000 -56.2300 3.5000 43.0000 H-F4 1.620047 36.3479
3597.0000 -62.3700 7.2200 43.0000 H-F4 1.620047 36.3479
74.4700 -1794.7000 5.3300 43.0000 H-K9 1.5164 64.0800
275.4000 -73.2800 3.6000 43.0000 H-F4 1.620047 36.3479
608.0000 -104.7100 3.6000 43.0000 H-ZF5 1.740005 28.2915
64.1200 -272.3000 15.0000 43.0000 H-K9 1.5164 64.0800
317.7000 -71.9400 3.4000 43.0000 H-F4 1.620047 36.3479
166.7200 -50.1200 2.8000 43.0000 H-LAF10 1.787999 47.4880
3162.0000 -66.6800 3.7000 43.0000 F4 1.620047 36.3567
63.1000 -170.2200 5.6000 43.0000 H-K9 1.5164 64.1170
608.0000 -104.7100 3.6000 43.0000 ZF5 1.739999 28.2450
276.1000 -69.5000 2.5000 43.5000 F4 1.620047 36.3567
465.6000 -59.0200 3.5000 44.0000 F4 1.620047 36.3567
744.7000 -59.2900 3.6000 44.0000 F4 1.620047 36.3567
1629.3000 -64.4200 3.6000 44.0000 F4 1.620047 36.3567
349.1000 -66.3700 3.6000 44.0000 H-F1 1.603423 38.0091
403.8000 -74.1300 3.7000 44.0000 H-F1 1.603423 38.0091
63.9700 -242.7000 6.0000 44.0000 H-K9 1.5164 64.0800
65.7700 -867.0000 5.8000 44.0000 H-K9 1.5164 64.0800
70.4700 -827.9000 5.5000 44.0000 H-K9 1.5164 64.0800
62.3700 -241.0000 5.8000 44.0000 H-K9L 1.516797 64.2124
65.6100 -177.8300 4.8000 44.0000 H-K9L 1.516797 64.2124
744.7000 -59.2900 3.6000 44.0000 H-F4 1.620047 36.3479
65.7700 -867.0000 5.8000 44.0000 H-K9L 1.516797 64.2124
1629.3000 -64.4200 3.6000 44.0000 H-F4 1.620047 36.3479
70.4700 -827.9000 5.5000 44.0000 H-K9L 1.516797 64.2124
245.5000 -65.6100 3.6000 44.0000 H-F1 1.603423 38.0091
55.7200 -117.7600 5.0000 44.0000 H-K9 1.5164 64.0800
259.7000 -68.3900 3.6000 44.0000 H-F1 1.603423 38.0091
489.8000 -62.5200 3.7000 44.0000 F4 1.620047 36.3567
264.0000 -63.8000 2.6000 44.0000 F4 1.620047 36.3567
1629.3000 -64.4200 7.3200 44.0000 H-F4 1.620047 36.3479
465.6000 -59.0200 7.7540 44.0000 H-F4 1.620047 36.3479
232.3000 -70.9600 3.5000 44.0000 H-F4 1.620047 36.3479
55.7200 -117.7600 6.3800 44.0000 H-K9L 1.516797 64.2124
84.5900 -683.6300 4.3000 44.0000 H-ZF7LAGT 1.805189 25.4773
403.8000 -74.1300 3.7000 44.0000 F1 1.603417 38.0149
349.1000 -66.3700 3.6000 44.0000 F1 1.603417 38.0149
65.7960 -147.4600 7.0000 45.0000 H-LAF50 1.772500 49.5944
36.6400 -99.0600 6.9000 46.0000 H-ZK11 1.638543 55.4715
24.4900 -295.8000 19.8500 47.2000 H-ZK11 1.638543 55.4715
39.7200 -81.8000 7.6800 48.0000 ZF6 1.755205 27.5462
117.6000 -31.7000 3.0000 48.8000 H-LAK51 1.696798 55.5129
78.1600 -39.7200 5.0000 49.0000 H-ZF2 1.672702 32.1789
39.7200 -156.4000 8.5000 49.0000 H-K9L 1.516797 64.2124
67.9200 -916.2000 6.5000 50.0000 H-K9 1.5164 64.0800
625.0000 -218.0000 4.0000 50.0000 H-ZF2 1.672702 32.1789
74.0600 -165.3000 4.6000 50.0000 H-ZK9A 1.620412 60.3682
45.4000 -127.3000 7.9500 50.0000 H-LAK11 1.664613 54.6578
70.1500 -31.4800 2.3000 50.0000 ZF52 1.846669 23.8275
36.2200 -24.4900 2.3000 50.2000 ZF52 1.846669 23.8275
438.1300 -100.7200 9.5000 50.8000 H-ZF4 1.728248 28.3216
1023.3000 -398.1000 2.0000 50.8000 ZF1 1.647693 33.8369
325.1000 -95.9400 5.0000 50.8000 H-ZF7LA 1.805189 25.4773
363.1000 -44.1700 4.0000 50.8000 H-ZF4 1.728248 28.3216
376.2500 -93.1100 2.0000 50.8000 H-ZF1 1.647693 33.8423
312.6000 -44.6000 2.0000 50.8000 H-ZF7LA 1.805189 25.4773
459.2000 -111.6900 2.0000 50.8000 H-ZF1 1.647693 33.8423
247.2000 -46.4000 2.0000 50.8000 H-ZF7LA 1.805189 25.4773
438.1300 -100.7200 4.0000 50.8000 H-ZF4 1.728248 28.3216
999.0000 -413.8500 4.0000 50.8000 H-ZF4 1.728248 28.3216
328.2000 -115.4000 4.0000 50.8000 H-ZF7LA 1.805189 25.4773
859.0000 -208.0000 2.6000 50.8000 H-ZF7LA 1.805189 25.4773
760.0000 -186.7500 2.0000 50.8000 H-ZF1 1.647693 33.8423
78.5200 -1148.2000 6.0000 51.0000 H-K9 1.5164 64.0800
258.0000 -69.8200 3.0000 51.5000 F4 1.620047 36.3567
274.2000 -81.2800 3.0000 51.5000 ZF3 1.717365 29.5104
258.0000 -69.8200 3.2000 51.5000 H-F4 1.620047 36.3479
274.2000 -81.2800 3.0000 51.5000 H-ZF3 1.717361 29.5100
258.0000 -69.8200 3.2000 51.5000 F4 1.620047 36.3567
1158.8000 -68.7100 4.4000 52.0000 H-F4 1.620047 36.3479
265.3000 -83.6800 2.5000 52.0000 H-ZF1 1.647693 33.8423
45.4000 -127.3000 7.9500 52.0000 LAK11 1.658302 57.2616
787.0000 -89.1300 4.3000 52.0000 H-F1 1.603423 38.0091
45.4000 -127.3000 8.1800 52.0000 H-LAK11 1.664613 54.6578
90.0000 -199.0000 5.5000 52.0000 H-K9L 1.516797 64.2124
81.1000 -311.9000 5.8000 52.0000 H-K9L 1.516797 64.2124
78.1440 -45.6670 3.3600 52.0000 ZF2 1.672707 32.1810
45.6670 -1410.0000 12.5000 52.0000 H-BAK3 1.546780 62.7411
45.6670 -1410.7910 12.5000 52.0000 H-BAK3 1.546780 62.7411
150.0000 -40.8400 2.0000 54.0000 F4 1.620047 36.3567
89.7200 -30.6180 1.6500 54.8000 H-ZF1 1.647693 33.8423
399.9000 -131.2200 3.5000 58.0000 ZF6 1.755205 27.5462
89.3300 -1158.8000 7.6000 58.0000 H-K9 1.5164 64.0800
2831.0000 -106.6600 7.0200 58.0000 H-ZF6 1.755205 27.5474
404.2350 -310.3550 7.0800 58.0000 H-K9L 1.516797 64.2124
512.9000 -58.0500 4.0500 58.0000 H-ZF7LA 1.805189 25.4773
340.0000 -42.1500 2.0500 62.0000 H-K9 1.5164 64.0800
835.6000 -153.2700 4.0000 67.0000 F4 1.620047 36.3567
75.2300 -433.8000 11.0000 68.0000 H-ZF7LA 1.805189 25.4773
1200.0000 -180.3000 4.5000 83.0000 BAF4 1.582712 46.5059
223.4000 -53.6850 3.0000 85.0000 H-K9 1.5164 64.0800
203.7600 -61.4000 7.6000 86.0000 H-K9L 1.516797 64.2124
78.6440 -142.7100 14.0000 97.0000 H-ZF7L 1.805184 25.4584
128.5000 -71.2000 3.0000 97.6000 H-K9 1.5164 64.0800
82.5000 -35.2440 4.5000 100.0000 H-BAK7 1.568832 56.0596
