-3.2100 11.7000 1.0000 5.5000 H-ZK11 1.638543 55.4715
-6.2230 4.3700 1.5400 6.0000 H-ZF52A 1.846670 23.7912
-7.1880 20.2640 1.4000 6.3000 H-ZF11 1.698948 30.0531
-4.3700 22.0000 0.8000 7.0000 F3 1.616592 36.6274
-22.2800 11.3000 1.5000 8.0000 H-ZF7LA 1.805189 25.4773
-9.2040 27.7900 0.9000 9.0000 F3 1.616592 36.6274
-7.3970 14.0600 2.0000 9.0000 H-ZF2 1.672702 32.1789
-7.3970 14.0600 2.7900 9.0000 ZF2 1.672707 32.1810
-40.7300 9.6350 1.9000 9.2000 H-ZBAF21 1.723418 38.0220
-42.0700 7.5300 5.8800 9.6000 H-K9L 1.516797 64.2124
-3.7060 10.3200 0.8800 11.0000 H-ZF52A 1.846670 23.7912
-11.3760 21.5000 0.7000 11.0000 H-ZF2 1.672702 32.1789
-8.8600 52.3400 1.5000 11.4000 H-ZK50 1.607382 56.6670
-10.0100 20.5600 2.0000 12.0000 ZF1 1.647693 33.8369
-12.8530 29.0400 2.0000 12.0000 ZF1 1.647693 33.8369
-39.8100 16.9430 2.6000 12.0000 ZF6 1.755205 27.5462
-64.5500 16.8900 2.0000 12.0000 H-QK3L 1.487491 70.4196
-12.8530 29.0400 2.8600 12.0000 H-ZF1 1.647693 33.8423
-10.0100 20.5600 3.1000 12.0000 H-ZF1 1.647693 33.8423
-39.8100 16.9430 2.6000 12.0000 H-ZF6 1.755205 27.5474
-12.8640 58.2940 1.5000 12.5000 H-ZF4 1.728248 28.3216
-14.6070 32.2000 2.0000 12.5000 H-ZF2 1.672702 32.1789
-14.6070 32.2000 2.0000 12.5000 ZF2 1.672707 32.1810
-154.2000 16.4800 2.3000 12.7000 H-ZF2 1.672702 32.1789
-13.7600 68.5200 1.0000 12.7000 H-ZF52A 1.846670 23.7912
-34.9600 177.2900 1.5000 12.7000 H-ZF1 1.647693 33.8423
-22.6400 102.4400 2.0000 12.7000 ZF1 1.647693 33.8369
-34.9600 177.2900 1.5000 12.7000 ZF1 1.647693 33.8369
-13.8200 52.1400 1.0000 12.7000 ZF1 1.647693 33.8369
-17.8200 82.3200 2.0000 12.7000 H-ZF52A 1.846670 23.7912
-152.7600 14.0300 3.0000 12.7000 H-ZF7LA 1.805189 25.4773
-22.5300 66.6800 1.3000 13.0000 H-K9L 1.516797 64.2124
-7.7672 6.8082 5.0000 13.4000 H-ZF1 1.647693 33.8423
-7.7672 6.8082 5.0000 13.4000 ZF1 1.647693 33.8369
-22.8600 67.6100 1.4000 14.0000 H-K9 1.5164 64.0800
-57.9300 11.5600 2.7500 14.0000 H-ZK11 1.638543 55.4715
-22.8600 67.6100 1.4000 14.5000 H-K9L 1.516797 64.2124
-29.3800 62.3700 1.4000 15.0000 H-K9 1.5164 64.0800
-12.4450 199.5300 1.3000 15.0000 ZF7 1.806277 25.3801
-16.8660 53.3700 1.5000 15.0000 H-ZF1 1.647693 33.8423
-13.1700 128.4000 1.5000 15.0000 SF10 1.728250 28.3470
-23.0600 54.1700 1.4900 15.0000 H-ZF52A 1.846670 23.7912
-48.1800 152.8200 4.0000 15.0000 H-ZF4 1.728248 28.3216
-29.3800 62.3700 1.4000 15.0000 H-K9 1.5164 64.1170
-40.9380 36.3490 4.2500 15.5000 H-ZF72A 1.922867 18.8955
-16.6190 572.2800 0.7000 15.5000 S-LAH59 1.816000 46.6206
-57.2970 13.8890 3.0000 16.0000 H-ZK3 1.589128 61.2476
-22.5970 197.9800 1.2000 16.0000 H-ZF52A 1.846670 23.7912
-38.3700 84.3300 1.6000 16.0000 H-K9L 1.516797 64.2124
-461.6000 48.9800 3.2800 16.4000 H-K9 1.5164 64.0800
-16.3120 36.3440 2.1000 17.0000 H-ZF2 1.672702 32.1789
-12.0780 69.5000 1.4000 17.0000 ZF52 1.846669 23.8275
-24.8000 32.0900 2.5000 17.0000 QF6 1.531719 48.7556
-15.2620 110.2910 2.2700 17.0000 H-LAK51A 1.696800 55.5342
-15.5000 83.5000 1.5000 17.0000 H-ZF50 1.740773 27.7617
-24.8000 32.0900 2.5000 17.0000 S-TIL6 1.531717 48.8407
-29.3800 62.3700 1.4000 17.0000 H-K9L 1.516797 64.2124
-30.7600 118.0000 2.7000 17.0000 ZF10 1.688934 31.1848
-64.2700 14.8940 3.5000 17.5000 H-ZK9 1.620405 60.2951
-27.0400 14.3550 3.0000 18.0000 ZF7 1.806277 25.3801
-81.8700 18.3650 10.7000 18.0000 H-ZK11 1.638543 55.4715
-5.6680 21.1750 0.9000 18.0000 H-LAK7 1.712991 53.9319
-22.4517 87.8968 1.5000 18.0000 ZF2 1.672707 32.1810
-17.0600 329.6000 1.5000 18.5000 H-ZF13 1.784721 25.7197
-7.2170 22.9480 2.2000 18.5000 H-LAF10LA 1.787998 47.5166
-12.4740 15.4170 1.6000 19.0000 ZF3 1.717365 29.5104
-16.8270 12.4740 4.0000 19.0000 H-K9L 1.516797 64.2124
-248.9000 15.4880 4.4000 19.0000 H-ZK9 1.620405 60.2951
-20.1780 50.3180 1.9000 19.0000 H-LAK51 1.696798 55.5129
-5.6500 33.3400 2.0000 19.0000 H-K9 1.5164 64.0800
-42.9500 118.3000 2.0000 19.0000 H-ZF2 1.672702 32.1789
-30.5500 48.5300 2.1800 19.0000 H-ZF7L 1.805184 25.4584
-30.5500 48.5300 1.6000 19.0000 ZF7L 1.805190 25.4712
-15.4880 263.0000 1.3000 19.0000 ZF13 1.784724 25.7541
-751.6000 15.4880 1.5000 19.0000 ZF52 1.846669 23.8275
-31.6120 140.7840 3.5000 19.5000 H-ZF52A 1.846670 23.7912
-24.6524 15.6302 2.9580 19.6000 H-ZK21 1.622995 58.1542
-45.6800 751.6000 1.5000 20.0000 H-QK1 1.470466 66.8845
-30.5500 66.6800 1.8000 20.0000 H-K9L 1.516797 64.2124
-34.9440 23.2000 3.4400 20.0000 H-LAK7A 1.713004 53.8681
-27.0000 76.2000 1.3000 20.0000 H-ZF2 1.672702 32.1789
-16.2950 63.5530 2.5000 20.0000 H-K9 1.5164 64.0800
-25.6600 538.7000 2.3000 20.0000 ZF4 1.728251 28.3239
-48.9000 40.8000 3.0000 20.0000 H-K9L 1.516797 64.2124
-42.6600 115.4500 2.7000 20.0000 H-ZF7L 1.805184 25.4584
-16.2140 33.2600 7.5000 20.0000 H-LAF4 1.749501 35.0209
-21.3570 50.5260 2.0000 20.0000 H-ZF12 1.761823 26.6132
-27.0000 76.2000 20.0000 20.0000 H-ZF2 1.672702 32.1789
-32.2100 23.2000 3.1000 20.0000 H-LAF62 1.719999 43.6912
-34.9400 23.2000 3.4400 20.0000 H-LAK7A 1.713004 53.8681
-108.0000 36.6500 3.1000 20.0000 ZF2 1.672707 32.1810
-22.5900 67.9200 2.2000 21.0000 H-K9 1.5164 64.0800
-23.0700 30.2700 2.2000 21.0000 H-K9 1.5164 64.0800
-62.9300 338.3520 1.5000 21.0000 H-K9L 1.516797 64.2124
-42.1800 122.2900 2.6000 21.0000 SF8 1.688930 31.1447
-22.5900 67.9200 2.2000 21.0000 H-K9 1.5164 64.1170
-23.0700 30.2700 2.2000 21.0000 H-K9 1.5164 64.1170
-62.9300 338.3500 1.5000 21.0000 H-K9 1.5164 64.1170
-31.6120 140.7840 3.5000 21.4000 H-ZF52A 1.846670 23.7912
-29.2400 529.7000 1.5000 21.5000 ZF4 1.728251 28.3239
-46.9300 16.3700 3.9100 22.0000 H-FK61 1.496998 81.5947
-123.7600 13.6200 6.4000 22.0000 H-ZK9A 1.620412 60.3682
-16.3570 34.8030 3.0000 22.0000 H-F4 1.620047 36.3479
-150.0000 16.7400 5.0000 22.0000 H-ZK3 1.589128 61.2476
-116.0000 19.5000 4.5000 22.4100 H-ZLAF68B 1.883004 40.8069
-38.9000 66.6800 2.0000 22.5000 H-K9L 1.516797 64.2124
-35.0620 22.6483 2.9730 22.6000 H-LAK6A 1.693501 53.3477
-33.2900 73.2800 1.8000 23.0000 H-K9 1.5164 64.0800
-36.2200 86.7000 2.0000 23.0000 H-K9 1.5164 64.0800
-52.8080 21.2800 3.3000 23.0000 H-ZK3 1.589128 61.2476
-54.7400 19.1430 4.0000 23.0000 H-ZK11 1.638543 55.4715
-14.1910 34.3600 1.4000 23.0000 ZF13 1.784724 25.7541
-29.2400 66.3700 2.0000 23.0000 H-ZF7L 1.805184 25.4584
-36.2200 86.7000 2.0000 23.0000 H-K9 1.5164 64.1170
-36.2000 86.7000 2.0000 23.0000 H-K9 1.5164 64.1170
-33.2900 73.2800 1.8000 23.0000 H-K9 1.5164 64.1170
-38.1900 404.6200 1.0000 23.5000 LZ_LK3 1.487460 70.0735
-16.1700 34.3800 1.4000 23.6000 H-ZF7LA 1.805189 25.4773
-165.3200 25.0200 3.9200 24.0000 LAH65 1.804000 46.5759
-44.2810 23.3190 3.5000 24.0000 H-ZF13 1.784721 25.7197
-33.0000 21.0000 4.0000 24.0000 H-ZK3 1.589128 61.2476
-16.1800 44.4700 1.9000 24.0000 H-ZF7LA 1.805189 25.4773
-213.0000 20.8000 5.3000 24.0000 H-ZK3 1.589128 61.2476
-24.7200 29.9200 2.0000 25.0000 H-K9 1.5164 64.0800
-38.3700 146.4500 3.0000 25.0000 H-ZF2 1.672702 32.1789
-40.4000 69.2700 2.4400 25.0000 H-BAK7 1.568832 56.0596
-21.9600 49.1000 2.0000 25.0000 H-BAK7 1.568832 56.0596
-1500.0000 17.7300 6.5000 25.0000 H-ZK3 1.589128 61.2476
-150.0000 18.0000 6.0000 25.0000 H-K9 1.5164 64.0800
-150.0000 18.0000 6.0000 25.0000 H-K9L 1.516797 64.2124
-400.0000 26.1100 5.0000 25.0000 H-LAK52 1.729164 54.6690
-11.5100 61.2600 1.5000 25.0000 H-ZLAF90 2.000689 25.4351
-20.0000 303.0000 1.9000 25.0000 H-ZF13 1.784721 25.7197
-72.0430 17.8900 6.8000 25.0000 H-ZK7 1.613095 60.6144
-103.0400 18.0600 6.5000 25.0000 H-ZK11 1.638543 55.4715
-47.0220 142.5050 2.5000 25.0000 H-ZF11 1.698948 30.0531
-41.0220 126.7890 3.0000 25.0000 H-ZF62 1.922866 20.8821
-24.7200 29.9200 2.0000 25.0000 H-K9 1.5164 64.1170
-33.0400 14.6550 6.1000 25.0000 LAH65 1.804000 46.5759
-44.3000 128.9000 2.8000 25.0000 ZF2 1.672707 32.1810
-43.1310 454.7990 1.4000 25.2000 H-ZF1 1.647693 33.8423
-22.7500 166.7200 2.5000 25.4000 H-ZF7L 1.805184 25.4584
-43.3600 217.3600 4.0000 25.4000 H-ZF7LA 1.805189 25.4773
-18.6200 97.2700 1.5000 25.4000 H-ZF7LA 1.805189 25.4773
-16.1800 79.0800 1.5000 25.4000 H-ZF7LA 1.805189 25.4773
-186.7500 557.4000 2.0000 25.4000 H-ZF1 1.647693 33.8423
-17.4400 93.0800 3.0000 25.4000 H-ZF7LA 1.805189 25.4773
-48.1800 152.8200 4.0000 25.4000 H-ZF4 1.728248 28.3216
-489.8000 39.1700 4.3000 25.4000 H-ZF2 1.672702 32.1789
-33.0000 165.2000 1.7000 25.4000 H-ZF7L 1.805184 25.4584
-42.1700 417.8000 19.8000 25.4000 H-ZF7LA 1.805189 25.4773
-38.0200 93.5400 48.8000 25.4000 H-ZF7LA 1.805189 25.4773
-33.9100 95.5400 50.8000 25.4000 H-ZF2 1.672702 32.1789
-181.5500 738.5000 25.4000 25.4000 H-ZF1 1.647693 33.8423
-21.0900 143.9200 1.8000 25.4000 H-ZF7L 1.805184 25.4584
-28.7700 137.5300 3.5000 25.4000 H-ZF7LA 1.805189 25.4773
-26.2000 95.9000 2.0000 25.4000 H-ZF72A 1.922867 18.8955
-189.2300 32.5100 4.5000 25.4000 H-ZF7L 1.805184 25.4584
-21.2800 137.0900 2.5000 25.4000 H-ZF7LA 1.805189 25.4773
-22.0300 75.5200 1.8000 26.0000 ZF6 1.755205 27.5462
-47.4200 124.1700 2.3000 26.0000 H-K9L 1.516797 64.2124
-43.2600 140.6000 2.0000 26.0000 ZF3 1.717365 29.5104
-43.2600 527.2000 2.0000 26.0000 F4 1.620047 36.3567
-19.4980 80.1700 1.8000 26.0000 ZF7 1.806277 25.3801
-57.2800 21.0900 4.3000 26.0000 H-ZK3 1.589128 61.2476
-64.5700 18.0300 5.5000 26.0000 H-ZK9 1.620405 60.2951
-43.2500 21.2800 4.1000 26.0000 LZ_LK3 1.487460 70.0735
-55.9590 278.0520 1.5000 26.0000 H-ZF2 1.672702 32.1789
-142.5600 25.4100 5.9000 26.0000 H-K9L 1.516797 64.2124
-20.3200 334.2000 6.3500 26.0000 H-ZF13 1.784721 25.7197
-19.4980 80.1700 1.8000 26.0000 H-ZF7L 1.805184 25.4584
-35.1600 66.3700 2.0000 26.0000 H-ZF7L 1.805184 25.4584
-35.0620 22.6483 2.9730 26.0000 H-LAK6A 1.693501 53.3477
-55.9500 278.0520 1.5000 26.0000 ZF2 1.672707 32.1810
-180.0000 24.8000 5.0000 26.0000 H-K9L 1.516797 64.2124
-19.1180 80.0100 3.1000 26.0000 H-ZF7LA 1.805189 25.4773
-65.0000 199.0000 3.3000 26.4000 H-ZF2 1.672702 32.1789
-36.1400 609.5000 1.5000 26.5000 ZF4 1.728251 28.3239
-17.3780 57.8100 1.6000 26.5000 H-ZF52A 1.846670 23.7912
-63.9700 198.1500 2.5000 26.5000 H-ZF6 1.755205 27.5474
-38.3700 193.6400 2.5000 26.5000 H-F4 1.620047 36.3479
-41.6900 456.0000 2.3000 27.0000 F4 1.620047 36.3567
-760.3000 64.5700 4.5000 27.0000 H-K9 1.5164 64.0800
-40.1800 75.5100 2.3000 27.0000 H-K9 1.5164 64.0800
-38.9000 66.6800 2.3000 27.0000 H-K9 1.5164 64.0800
-168.6600 21.0400 5.8000 27.0000 H-ZK3 1.589128 61.2476
-21.3300 20.3200 5.5000 27.0000 H-LAF2 1.716996 47.9202
-92.6800 18.3230 6.7000 27.0000 H-ZK9A 1.620412 60.3682
-21.6800 103.7500 1.2000 27.0000 H-ZF7L 1.805184 25.4584
-38.9000 66.6800 2.3000 27.0000 H-K9L 1.516797 64.2124
-22.2300 322.1000 2.0000 27.0000 H-ZF52A 1.846670 23.7912
-45.5900 89.0900 1.5000 27.0000 H-ZF7L 1.805184 25.4584
-21.6000 89.1700 4.0000 27.0000 H-ZF7L 1.805184 25.4584
-10.0000 79.0900 2.3400 27.0000 H-ZK9B 1.620412 60.3739
-41.6900 456.0000 4.5460 27.0000 H-F4 1.620047 36.3479
-40.1800 75.5100 4.6360 27.0000 H-K9 1.5164 64.0800
-19.9370 43.3200 1.6000 27.0000 H-ZF7LA 1.805189 25.4773
-110.1500 770.9000 2.3000 27.0000 H-ZK3 1.589128 61.2476
-90.7800 748.2000 3.0000 27.0000 H-K9L 1.516797 64.2124
-38.9000 66.6800 2.3000 27.0000 H-K9 1.5164 64.1170
-47.8400 168.8000 2.0000 27.0000 H-ZBAF21 1.723418 38.0220
-74.1300 527.0000 2.0000 27.5000 H-K9 1.5164 64.0800
-46.8800 751.6000 2.0000 27.5000 H-K9 1.5164 64.0800
-78.5200 751.6000 2.0000 27.5000 H-K9 1.5164 64.0800
-43.2500 21.2800 4.1000 27.5000 LZ_LK3 1.487460 70.0735
-43.2500 21.8800 4.1000 27.5000 H-K9 1.5164 64.0800
-278.0500 21.8800 5.8000 27.5000 H-K9 1.5164 64.0800
-41.0100 127.1000 1.8000 27.5000 H-ZBAF52 1.670031 47.1975
-50.2900 299.6000 2.0000 27.5000 H-ZK9A 1.620412 60.3682
-50.1200 751.6000 2.3000 27.5000 H-ZK11 1.638543 55.4715
-46.8800 751.6000 2.0000 27.5000 H-K9 1.5164 64.1170
-78.5200 751.6000 2.0000 27.5000 H-K9 1.5164 64.1170
-74.1300 527.0000 2.0000 27.5000 H-K9 1.5164 64.1170
-36.1400 82.6000 2.3000 28.0000 ZF7 1.806277 25.3801
-36.1400 77.3300 1.8000 28.0000 ZF7 1.806277 25.3801
-38.5300 59.7000 2.2000 28.0000 H-K9 1.5164 64.0800
-54.2000 166.7200 2.8000 28.0000 H-K9 1.5164 64.0800
-32.2100 63.2800 2.7000 28.0000 H-K9 1.5164 64.0800
-38.7300 66.6800 2.4000 28.0000 H-K9L 1.516797 64.2124
-43.0500 66.6800 2.6000 28.0000 H-K9L 1.516797 64.2124
-23.8200 22.7400 4.5500 28.0000 H-ZF52A 1.846670 23.7912
-8.6680 24.8300 1.2000 28.0000 H-LAK7 1.712991 53.9319
-36.1400 82.6000 5.1220 28.0000 H-ZF7L 1.805184 25.4584
-25.8800 250.0000 5.8000 28.0000 H-ZF6 1.755205 27.5474
-38.5300 59.7000 2.2000 28.0000 H-K9 1.5164 64.1170
-41.7320 181.5600 1.9300 28.2000 N-F2 1.620050 36.4300
-36.2200 71.7800 3.0000 28.5000 H-K9L 1.516797 64.2124
-38.9000 66.6800 3.4600 28.5000 H-K9L 1.516797 64.2124
-33.2700 50.8200 2.2000 30.0000 H-K9 1.5164 64.0800
-56.8900 172.9800 3.0000 30.0000 H-K9 1.5164 64.0800
-54.0800 164.0600 2.8000 30.0000 H-K9 1.5164 64.0800
-40.4500 73.0500 2.2000 30.0000 H-K9 1.5164 64.0800
-33.0400 103.0400 2.0000 30.0000 F4 1.620047 36.3567
-42.6900 216.3000 2.0000 30.0000 H-ZF7LA 1.805189 25.4773
-29.3800 161.5000 2.0000 30.0000 H-ZF7LA 1.805189 25.4773
-50.0000 170.8900 3.7000 30.0000 H-F4 1.620047 36.3479
-22.7000 75.6800 19.8000 30.0000 H-ZF7LA 1.805189 25.4773
-37.8600 25.3400 3.1000 30.0000 H-ZPK7 1.569070 71.3066
-37.8600 25.3400 3.4000 30.0000 H-ZPK7 1.569070 71.3066
-26.3400 189.8000 2.6000 30.0000 H-ZF62 1.922866 20.8821
-37.2400 63.6800 2.2000 30.0000 H-K9 1.5164 64.1170
-113.0000 30.6900 4.4100 30.4000 H-LAF53 1.743305 49.2380
-11.8860 29.9050 1.8000 30.5000 H-ZLAF2A 1.802793 46.7741
-159.0000 160.1500 3.0000 30.5000 BK7 1.516800 64.1673
-44.5300 55.8500 2.0000 30.5000 H-ZF52 1.846666 23.7873
-82.3200 44.5300 3.1000 30.5000 H-ZLAF52 1.806099 40.9454
-213.3000 29.9200 10.0000 31.0000 H-ZK9 1.620405 60.2951
-53.9500 38.9900 4.6000 31.0000 H-ZF1 1.647693 33.8423
-174.0200 29.2200 10.1800 31.0000 H-LAF3B 1.744004 44.9042
-1045.0000 78.3500 3.5000 31.0000 H-K9L 1.516797 64.2124
-49.0900 23.5500 4.9000 31.5000 H-ZK3 1.589128 61.2476
-44.7700 609.5000 1.5000 31.5000 ZF4 1.728251 28.3239
-42.0100 169.0400 2.5000 31.5000 N-SF5 1.672710 32.2500
-31.4760 101.4000 3.0000 31.5000 H-ZF1 1.647693 33.8423
-38.9900 86.1000 4.1000 32.0000 H-ZK9A 1.620412 60.3682
-33.1000 30.5700 7.0000 32.0000 H-LAF4 1.749501 35.0209
-31.9100 29.3100 5.9600 32.0000 H-ZF2 1.672702 32.1789
-52.0000 657.7000 3.0000 33.0000 F4 1.620047 36.3567
-739.6000 70.6300 4.0000 33.0000 H-K9 1.5164 64.0800
-57.4100 221.3000 2.5000 33.0000 F4 1.620047 36.3567
-52.0000 657.7000 5.4800 33.0000 H-F4 1.620047 36.3479
-53.1900 741.9400 2.0000 33.0000 F4 1.620047 36.3567
-739.6000 70.6900 4.0000 33.0000 H-K9 1.5164 64.1170
-38.5300 909.9000 2.8000 33.5000 F4 1.620047 36.3567
-38.5300 909.9000 2.8000 33.5000 H-F4 1.620047 36.3479
-60.9500 790.7000 2.5000 34.0000 F4 1.620047 36.3567
-87.1000 172.9800 2.5000 34.0000 ZF6 1.755205 27.5462
-48.8998 190.8980 1.7500 34.0000 H-F4 1.620047 36.3479
-54.0500 969.6000 1.5000 34.0000 H-F1 1.603423 38.0091
-95.9400 40.8100 3.8000 34.0000 S-TIL6 1.531717 48.8407
-71.0000 308.3000 2.0000 34.0000 H-F4 1.620047 36.3479
-55.0800 1570.4000 5.5000 34.0000 H-F4 1.620047 36.3479
-129.1200 55.4600 4.0000 34.0000 H-K9L 1.516797 64.2124
-62.8100 304.8000 2.9000 34.0000 H-F1 1.603423 38.0091
-242.4100 30.2000 6.9000 34.0000 H-ZPK7 1.569070 71.3066
-242.4100 30.2000 6.3000 34.0000 H-ZPK7 1.569070 71.3066
-31.5500 98.1700 2.0000 34.0000 F1 1.603417 38.0149
-73.8300 284.7900 1.5000 34.0000 H-ZBAF21 1.723418 38.0220
-10.0000 79.0900 2.3400 34.5000 H-ZK9B 1.620412 60.3739
-145.0000 1571.0000 4.0000 35.0000 H-F4 1.620047 36.3479
-145.0000 3735.3000 4.0000 35.0000 H-F2 1.612934 37.0082
-35.4670 65.7420 2.0000 35.7000 H-ZF7LA 1.805189 25.4773
-198.2380 35.4670 6.5600 35.8000 H-ZBAF20 1.701545 41.1408
-34.4400 574.1300 3.0000 36.0000 H-ZF13 1.784721 25.7197
-70.0700 145.8700 5.1500 36.2000 H-LAF3B 1.744004 44.9042
-248.3000 67.6100 5.6900 37.0000 H-K9 1.5164 64.0800
-60.2600 268.5000 3.0000 37.0000 H-ZF2 1.672702 32.1789
-248.3000 67.6100 5.0000 37.0000 H-K9 1.5164 64.1170
-60.2600 268.5000 3.0000 37.0000 ZF2 1.672707 32.1810
-89.3300 332.7000 5.3000 38.0000 H-ZF4 1.728248 28.3216
-76.0300 76.3600 12.2500 39.0000 H-K9 1.5164 64.0800
-33.4100 57.8400 1.3000 39.0000 H-ZF1 1.647693 33.8423
-62.9900 269.8400 3.5000 40.0000 ZF10 1.688934 31.1848
-327.6060 50.0630 5.0000 40.0000 S-BSM16 1.620411 60.2896
-40.8400 150.0000 2.0000 41.0000 F4 1.620047 36.3567
-334.0000 60.0000 5.2000 41.5000 H-K9L 1.516797 64.2124
-62.0000 28.4000 9.2800 42.0000 H-FK61 1.496998 81.5947
-65.2430 250.6340 3.5000 42.0000 H-F4 1.620047 36.3479
-57.2400 30.1000 6.0700 42.4000 H-ZF1 1.647693 33.8423
-21.6700 61.1600 1.2600 42.4000 H-K9L 1.516797 64.2124
-68.2700 172.4000 2.5000 42.8000 H-ZF1 1.647693 33.8423
-59.4600 982.0000 2.0000 42.8000 H-F1 1.603423 38.0091
-62.3700 3597.0000 3.4000 43.0000 F4 1.620047 36.3567
-72.2800 855.1000 3.4000 43.0000 ZF2 1.672707 32.1810
-56.2300 260.6000 3.5000 43.0000 F4 1.620047 36.3567
-73.2800 275.4000 3.6000 43.0000 F4 1.620047 36.3567
-1794.7000 74.4700 5.2000 43.0000 H-K9 1.5164 64.0800
-272.3000 64.1200 5.7000 43.0000 H-K9 1.5164 64.0800
-170.2200 63.1000 5.6000 43.0000 H-K9 1.5164 64.0800
-55.7200 346.7000 3.0000 43.0000 F4 1.620047 36.3567
-68.2300 381.9000 2.5000 43.0000 ZF2 1.672707 32.1810
-73.1100 258.0000 2.5000 43.0000 ZF2 1.672707 32.1810
-3945.0000 65.2800 5.2000 43.0000 H-K9 1.5164 64.0800
-61.2400 807.2000 2.5000 43.0000 F4 1.620047 36.3567
-66.6800 3162.0000 3.7000 43.0000 H-F4 1.620047 36.3479
-97.2500 236.5000 4.0000 43.0000 ZF1 1.647693 33.8369
-117.2200 71.9400 7.5000 43.0000 H-FK61 1.496998 81.5947
-42.3800 76.0700 2.5000 43.0000 H-F51 1.639803 34.4697
-72.2800 855.1000 6.6720 43.0000 H-ZF2 1.672702 32.1789
-72.2800 275.4000 6.8250 43.0000 H-F4 1.620047 36.3479
-56.2300 260.6000 3.5000 43.0000 H-F4 1.620047 36.3479
-62.3700 3597.0000 7.2200 43.0000 H-F4 1.620047 36.3479
-1794.7000 74.4700 5.3300 43.0000 H-K9 1.5164 64.0800
-73.2800 275.4000 3.6000 43.0000 H-F4 1.620047 36.3479
-104.7100 608.0000 3.6000 43.0000 H-ZF5 1.740005 28.2915
-272.3000 64.1200 15.0000 43.0000 H-K9 1.5164 64.0800
-71.9400 317.7000 3.4000 43.0000 H-F4 1.620047 36.3479
-50.1200 166.7200 2.8000 43.0000 H-LAF10 1.787999 47.4880
-66.6800 3162.0000 3.7000 43.0000 F4 1.620047 36.3567
-170.2200 63.1000 5.6000 43.0000 H-K9 1.5164 64.1170
-104.7100 608.0000 3.6000 43.0000 ZF5 1.739999 28.2450
-69.5000 276.1000 2.5000 43.5000 F4 1.620047 36.3567
-59.0200 465.6000 3.5000 44.0000 F4 1.620047 36.3567
-59.2900 744.7000 3.6000 44.0000 F4 1.620047 36.3567
-64.4200 1629.3000 3.6000 44.0000 F4 1.620047 36.3567
-66.3700 349.1000 3.6000 44.0000 H-F1 1.603423 38.0091
-74.1300 403.8000 3.7000 44.0000 H-F1 1.603423 38.0091
-242.7000 63.9700 6.0000 44.0000 H-K9 1.5164 64.0800
-867.0000 65.7700 5.8000 44.0000 H-K9 1.5164 64.0800
-827.9000 70.4700 5.5000 44.0000 H-K9 1.5164 64.0800
-241.0000 62.3700 5.8000 44.0000 H-K9L 1.516797 64.2124
-177.8300 65.6100 4.8000 44.0000 H-K9L 1.516797 64.2124
-59.2900 744.7000 3.6000 44.0000 H-F4 1.620047 36.3479
-867.0000 65.7700 5.8000 44.0000 H-K9L 1.516797 64.2124
-64.4200 1629.3000 3.6000 44.0000 H-F4 1.620047 36.3479
-827.9000 70.4700 5.5000 44.0000 H-K9L 1.516797 64.2124
-65.6100 245.5000 3.6000 44.0000 H-F1 1.603423 38.0091
-117.7600 55.7200 5.0000 44.0000 H-K9 1.5164 64.0800
-68.3900 259.7000 3.6000 44.0000 H-F1 1.603423 38.0091
-62.5200 489.8000 3.7000 44.0000 F4 1.620047 36.3567
-63.8000 264.0000 2.6000 44.0000 F4 1.620047 36.3567
-64.4200 1629.3000 7.3200 44.0000 H-F4 1.620047 36.3479
-59.0200 465.6000 7.7540 44.0000 H-F4 1.620047 36.3479
-70.9600 232.3000 3.5000 44.0000 H-F4 1.620047 36.3479
-117.7600 55.7200 6.3800 44.0000 H-K9L 1.516797 64.2124
-683.6300 84.5900 4.3000 44.0000 H-ZF7LAGT 1.805189 25.4773
-74.1300 403.8000 3.7000 44.0000 F1 1.603417 38.0149
-66.3700 349.1000 3.6000 44.0000 F1 1.603417 38.0149
-147.4600 65.7960 7.0000 45.0000 H-LAF50 1.772500 49.5944
-99.0600 36.6400 6.9000 46.0000 H-ZK11 1.638543 55.4715
-295.8000 24.4900 19.8500 47.2000 H-ZK11 1.638543 55.4715
-81.8000 39.7200 7.6800 48.0000 ZF6 1.755205 27.5462
-31.7000 117.6000 3.0000 48.8000 H-LAK51 1.696798 55.5129
-39.7200 78.1600 5.0000 49.0000 H-ZF2 1.672702 32.1789
-156.4000 39.7200 8.5000 49.0000 H-K9L 1.516797 64.2124
-916.2000 67.9200 6.5000 50.0000 H-K9 1.5164 64.0800
-218.0000 625.0000 4.0000 50.0000 H-ZF2 1.672702 32.1789
-165.3000 74.0600 4.6000 50.0000 H-ZK9A 1.620412 60.3682
-127.3000 45.4000 7.9500 50.0000 H-LAK11 1.664613 54.6578
-31.4800 70.1500 2.3000 50.0000 ZF52 1.846669 23.8275
-24.4900 36.2200 2.3000 50.2000 ZF52 1.846669 23.8275
-100.7200 438.1300 9.5000 50.8000 H-ZF4 1.728248 28.3216
-398.1000 1023.3000 2.0000 50.8000 ZF1 1.647693 33.8369
-95.9400 325.1000 5.0000 50.8000 H-ZF7LA 1.805189 25.4773
-44.1700 363.1000 4.0000 50.8000 H-ZF4 1.728248 28.3216
-93.1100 376.2500 2.0000 50.8000 H-ZF1 1.647693 33.8423
-44.6000 312.6000 2.0000 50.8000 H-ZF7LA 1.805189 25.4773
-111.6900 459.2000 2.0000 50.8000 H-ZF1 1.647693 33.8423
-46.4000 247.2000 2.0000 50.8000 H-ZF7LA 1.805189 25.4773
-100.7200 438.1300 4.0000 50.8000 H-ZF4 1.728248 28.3216
-413.8500 999.0000 4.0000 50.8000 H-ZF4 1.728248 28.3216
-115.4000 328.2000 4.0000 50.8000 H-ZF7LA 1.805189 25.4773
-208.0000 859.0000 2.6000 50.8000 H-ZF7LA 1.805189 25.4773
-186.7500 760.0000 2.0000 50.8000 H-ZF1 1.647693 33.8423
-1148.2000 78.5200 6.0000 51.0000 H-K9 1.5164 64.0800
-69.8200 258.0000 3.0000 51.5000 F4 1.620047 36.3567
-81.2800 274.2000 3.0000 51.5000 ZF3 1.717365 29.5104
-69.8200 258.0000 3.2000 51.5000 H-F4 1.620047 36.3479
-81.2800 274.2000 3.0000 51.5000 H-ZF3 1.717361 29.5100
-69.8200 258.0000 3.2000 51.5000 F4 1.620047 36.3567
-68.7100 1158.8000 4.4000 52.0000 H-F4 1.620047 36.3479
-83.6800 265.3000 2.5000 52.0000 H-ZF1 1.647693 33.8423
-127.3000 45.4000 7.9500 52.0000 LAK11 1.658302 57.2616
-89.1300 787.0000 4.3000 52.0000 H-F1 1.603423 38.0091
-127.3000 45.4000 8.1800 52.0000 H-LAK11 1.664613 54.6578
-199.0000 90.0000 5.5000 52.0000 H-K9L 1.516797 64.2124
-311.9000 81.1000 5.8000 52.0000 H-K9L 1.516797 64.2124
-45.6670 78.1440 3.3600 52.0000 ZF2 1.672707 32.1810
-1410.0000 45.6670 12.5000 52.0000 H-BAK3 1.546780 62.7411
-1410.7910 45.6670 12.5000 52.0000 H-BAK3 1.546780 62.7411
-40.8400 150.0000 2.0000 54.0000 F4 1.620047 36.3567
-30.6180 89.7200 1.6500 54.8000 H-ZF1 1.647693 33.8423
-131.2200 399.9000 3.5000 58.0000 ZF6 1.755205 27.5462
-1158.8000 89.3300 7.6000 58.0000 H-K9 1.5164 64.0800
-106.6600 2831.0000 7.0200 58.0000 H-ZF6 1.755205 27.5474
-310.3550 404.2350 7.0800 58.0000 H-K9L 1.516797 64.2124
-58.0500 512.9000 4.0500 58.0000 H-ZF7LA 1.805189 25.4773
-42.1500 340.0000 2.0500 62.0000 H-K9 1.5164 64.0800
-153.2700 835.6000 4.0000 67.0000 F4 1.620047 36.3567
-433.8000 75.2300 11.0000 68.0000 H-ZF7LA 1.805189 25.4773
-180.3000 1200.0000 4.5000 83.0000 BAF4 1.582712 46.5059
-53.6850 223.4000 3.0000 85.0000 H-K9 1.5164 64.0800
-61.4000 203.7600 7.6000 86.0000 H-K9L 1.516797 64.2124
-142.7100 78.6440 14.0000 97.0000 H-ZF7L 1.805184 25.4584
-71.2000 128.5000 3.0000 97.6000 H-K9 1.5164 64.0800
-35.2440 82.5000 4.5000 100.0000 H-BAK7 1.568832 56.0596
