3 4 4 3
3 22 4 6
3 28 4 7
3 28 4 8
3 30 4 6
3 42 4 14
3 42 4 19
3 43 4 15
3 43 4 18
3 50 4 21
3 55 4 22
3 55 4 23
3 56 4 25
3 58 4 26
3 58 4 28
3 60 4 27
3 62 4 26
3 62 4 28
3 64 4 29
3 66 4 30
3 102 4 39
3 107 4 41
3 111 4 43
3 136 4 51
3 140 4 52
3 148 4 55
3 154 4 58
3 172 4 63
3 176 4 64
3 199 4 74
3 206 4 74
3 211 4 71
3 213 4 72
3 213 4 73
3 233 4 89
3 235 4 81
3 235 4 88
3 238 4 83
3 244 4 81
3 244 4 88
3 251 4 95
3 259 4 99
3 261 4 100
3 284 4 104
3 287 4 103
3 328 4 112
3 338 4 113
3 346 4 118
3 354 4 123
3 381 4 133
3 384 4 136
3 386 4 137
3 388 4 140
3 391 4 128
3 393 4 141
3 399 4 150
3 404 4 143
3 406 4 144
3 412 4 145
3 413 4 155
3 418 4 146
3 424 4 147
3 426 4 148
3 431 4 153
3 432 4 150
3 442 4 151
3 444 4 152
3 448 4 153
3 450 4 154
3 456 4 155
3 458 4 156
3 462 4 157
3 464 4 159
3 471 4 160
3 481 4 162
3 481 4 163
3 483 4 162
3 483 4 163
3 487 4 164
3 487 4 171
3 491 4 164
3 491 4 171
3 500 4 169
3 501 4 168
3 503 4 170
3 508 4 172
3 512 4 175
3 522 4 162
3 522 4 163
3 527 4 160
3 533 4 174
3 537 4 178
3 538 4 180
3 539 4 181
3 540 4 181
3 545 4 182
3 545 4 195
3 548 4 191
3 550 4 182
3 550 4 195
3 556 4 189
3 561 4 192
3 567 4 197
3 571 4 182
3 571 4 195
3 575 4 183
3 581 4 201
3 590 4 208
3 592 4 207
3 598 4 214
3 598 4 215
3 598 4 223
3 599 4 214
3 599 4 215
3 599 4 223
3 601 4 219
3 613 4 233
3 621 4 235
3 622 4 234
3 624 4 235
3 626 4 236
3 628 4 237
3 633 4 240
3 647 4 250
3 649 4 252
3 650 4 253
3 652 4 254
3 654 4 252
3 660 4 258
3 660 4 261
3 663 4 260
3 665 4 262
3 666 4 264
3 666 4 265
3 669 4 266
3 670 4 267
3 680 4 269
3 681 4 271
3 682 4 272
3 686 4 274
3 689 4 277
3 690 4 280
3 690 4 281
3 691 4 280
3 691 4 281
3 695 4 284
3 697 4 287
3 697 4 289
3 698 4 287
3 698 4 289
3 700 4 287
3 700 4 289
3 707 4 293
3 716 4 295
3 736 4 298
3 741 4 301
3 742 4 302
3 744 4 303
3 744 4 322
3 746 4 304
3 746 4 319
3 746 4 320
3 748 4 305
3 748 4 321
3 749 4 306
3 749 4 324
3 753 4 310
3 757 4 311
3 759 4 312
3 764 4 314
3 767 4 315
3 767 4 329
3 775 4 316
3 778 4 318
3 779 4 304
3 779 4 319
3 779 4 320
3 781 4 325
3 781 4 331
3 782 4 317
3 783 4 327
3 787 4 314
3 791 4 328
3 794 4 307
3 794 4 323
3 796 4 304
3 796 4 319
3 796 4 320
3 798 4 305
3 798 4 321
3 799 4 303
3 799 4 322
3 804 4 332
3 806 4 333
3 806 4 353
3 807 4 354
3 810 4 334
3 810 4 343
3 812 4 335
3 812 4 345
3 812 4 352
3 814 4 336
3 814 4 358
3 816 4 337
3 816 4 357
3 817 4 334
3 817 4 343
3 819 4 335
3 819 4 345
3 819 4 352
3 822 4 347
3 823 4 349
3 830 4 350
3 832 4 351
3 833 4 340
3 833 4 346
3 836 4 335
3 836 4 345
3 836 4 352
3 837 4 340
3 837 4 346
3 840 4 334
3 840 4 343
3 869 4 363
3 873 4 367
3 879 4 366
3 885 4 373
3 887 4 374
3 889 4 375
3 891 4 376
3 893 4 377
3 895 4 378
3 899 4 379
3 905 4 372
3 905 4 380
3 907 4 381
3 909 4 382
3 911 4 383
3 913 4 384
3 918 4 386
3 918 4 388
3 918 4 390
3 920 4 387
3 920 4 389
3 922 4 386
3 922 4 388
3 922 4 390
3 924 4 386
3 924 4 388
3 924 4 390
3 925 4 387
3 925 4 389
3 927 4 391
3 930 4 392
3 932 4 394
3 940 4 401
3 954 4 403
3 955 4 405
3 975 4 411
