-54.1000 -54.1000 1.0000 4.0000 H-K9L 1.516797 64.2124
-10.0000 0.0000 1.0000 5.0000 H-ZF4 1.728248 28.3216
0.0000 -10.0000 1.0000 5.0000 H-ZF4 1.728248 28.3216
-7.0300 -19.3700 0.6500 5.5000 H-ZF4 1.728248 28.3216
-19.3700 -7.0300 0.6500 5.5000 H-ZF4 1.728248 28.3216
-152.0000 -152.0000 3.0000 6.5000 H-K9 1.5164 64.0800
-8.6000 -31.9200 1.3000 8.0000 H-ZF7LA 1.805189 25.4773
-31.9200 -8.6000 1.3000 8.0000 H-ZF7LA 1.805189 25.4773
-16.8270 -16.8270 1.0000 9.0000 H-ZK9 1.620405 60.2951
-23.8000 -5.5930 5.9500 9.6000 H-ZF52A 1.846670 23.7912
-5.5930 -23.8000 5.9500 9.6000 H-ZF52A 1.846670 23.7912
-18.0300 -18.0300 1.0000 10.0000 H-K9 1.5164 64.0800
-21.2800 -21.2800 1.0000 11.5000 H-K9 1.5164 64.0800
-21.2800 -21.2800 1.0000 12.0000 H-K9 1.5164 64.0800
-22.7100 -65.8000 1.0000 12.5000 H-K9L 1.516797 64.2124
-65.8000 -22.7100 1.0000 12.5000 H-K9L 1.516797 64.2124
-24.8200 -40.6800 3.2800 12.5000 H-ZF2 1.672702 32.1789
-40.6800 -24.8200 3.2800 12.5000 H-ZF2 1.672702 32.1789
-16.1800 -16.4800 1.5000 12.7000 H-BAK7 1.568832 56.0596
-16.4800 -16.1800 1.5000 12.7000 H-BAK7 1.568832 56.0596
-12.3400 -14.0300 1.5000 12.7000 H-ZBAF52 1.670031 47.1975
-14.0300 -12.3400 1.5000 12.7000 H-ZBAF52 1.670031 47.1975
-40.7300 -11.6140 0.7600 13.0000 H-BAK4 1.552479 63.3721
-11.6140 -40.7300 0.7600 13.0000 H-BAK4 1.552479 63.3721
-24.0000 -24.0000 1.8000 13.0000 ZF6 1.755205 27.5462
-11.6950 0.0000 3.1400 13.2000 H-ZF6 1.755205 27.5474
0.0000 -11.6950 3.1400 13.2000 H-ZF6 1.755205 27.5474
-23.8000 -23.8000 1.1000 13.5000 H-K9 1.5164 64.0800
-23.8000 -23.8000 1.1000 13.5000 H-K9 1.5164 64.1170
-184.5000 -9.5500 1.2000 14.0000 ZF6 1.755205 27.5462
-9.5500 -184.5000 1.2000 14.0000 ZF6 1.755205 27.5462
-12.8200 -19.4900 1.5000 14.0000 H-ZBAF1 1.622297 53.1995
-19.4900 -12.8200 1.5000 14.0000 H-ZBAF1 1.622297 53.1995
-9.4900 0.0000 4.9000 14.0000 ZF11 1.698949 30.0657
0.0000 -9.4900 4.9000 14.0000 ZF11 1.698949 30.0657
-12.8200 -19.4900 4.8800 14.0000 H-ZBAF1 1.622297 53.1995
-19.4900 -12.8200 4.8800 14.0000 H-ZBAF1 1.622297 53.1995
-44.0000 -100.9200 2.0000 14.0000 F1 1.603417 38.0149
-100.9200 -44.0000 2.0000 14.0000 F1 1.603417 38.0149
-98.6300 -98.6300 1.0000 14.5000 H-K9 1.5164 64.0800
-98.6300 -98.6300 1.0000 14.5000 H-K9 1.5164 64.1170
-9.8170 -25.0000 1.3000 15.0000 H-ZK9 1.620405 60.2951
-25.0000 -9.8170 1.3000 15.0000 H-ZK9 1.620405 60.2951
-60.2600 -9.2900 1.2000 15.0000 ZF52 1.846669 23.8275
-9.2900 -60.2600 1.2000 15.0000 ZF52 1.846669 23.8275
-51.8700 -20.2080 1.5000 15.0000 H-ZF7L 1.805184 25.4584
-20.2080 -51.8700 1.5000 15.0000 H-ZF7L 1.805184 25.4584
-28.8500 -12.8000 1.4000 15.5000 H-ZF7L 1.805184 25.4584
-12.8000 -28.8500 1.4000 15.5000 H-ZF7L 1.805184 25.4584
-28.8500 -12.8000 5.0700 15.5000 H-ZF7L 1.805184 25.4584
-12.8000 -28.8500 5.0700 15.5000 H-ZF7L 1.805184 25.4584
-16.5930 -13.2650 2.6000 15.5000 H-ZPK7 1.569070 71.3066
-13.2650 -16.5930 2.6000 15.5000 H-ZPK7 1.569070 71.3066
-28.8500 -12.8000 1.4000 15.5000 H-ZF7LA 1.805189 25.4773
-12.8000 -28.8500 1.4000 15.5000 H-ZF7LA 1.805189 25.4773
-16.5930 -13.2650 2.6000 15.5000 H-ZF3 1.717361 29.5100
-13.2650 -16.5930 2.6000 15.5000 H-ZF3 1.717361 29.5100
-28.8500 -12.8000 1.4000 15.5000 ZF7L 1.805190 25.4712
-12.8000 -28.8500 1.4000 15.5000 ZF7L 1.805190 25.4712
-26.0000 -13.1220 1.4000 16.0000 ZF7 1.806277 25.3801
-13.1220 -26.0000 1.4000 16.0000 ZF7 1.806277 25.3801
-28.9700 -13.1220 1.4000 16.0000 ZF52 1.846669 23.8275
-13.1220 -28.9700 1.4000 16.0000 ZF52 1.846669 23.8275
-29.5000 -11.4000 1.2000 16.0000 ZF7L 1.805190 25.4712
-11.4000 -29.5000 1.2000 16.0000 ZF7L 1.805190 25.4712
-22.0600 -22.0600 7.4800 16.0000 ZF1 1.647693 33.8369
-29.5000 -11.4000 5.5800 16.0000 H-ZF71 1.808108 22.6906
-11.4000 -29.5000 5.5800 16.0000 H-ZF71 1.808108 22.6906
-28.9700 -13.1220 1.4000 16.0000 H-ZF52 1.846666 23.7873
-13.1220 -28.9700 1.4000 16.0000 H-ZF52 1.846666 23.7873
-29.5000 -11.4000 1.2000 16.0000 H-ZF71 1.808108 22.6906
-11.4000 -29.5000 1.2000 16.0000 H-ZF71 1.808108 22.6906
-17.0000 -28.8400 1.1000 17.0000 H-ZK9 1.620405 60.2951
-28.8400 -17.0000 1.1000 17.0000 H-ZK9 1.620405 60.2951
-8.2410 -92.4700 2.0000 17.0000 H-ZF6 1.755205 27.5474
-92.4700 -8.2410 2.0000 17.0000 H-ZF6 1.755205 27.5474
-18.3300 -13.1400 4.1000 17.0000 H-LAF3B 1.744004 44.9042
-13.1400 -18.3300 4.1000 17.0000 H-LAF3B 1.744004 44.9042
-20.3300 -12.0000 1.2000 17.0000 H-ZF52 1.846666 23.7873
-12.0000 -20.3300 1.2000 17.0000 H-ZF52 1.846666 23.7873
-31.0500 -14.8940 1.3000 17.5000 H-ZF7L 1.805184 25.4584
-14.8940 -31.0500 1.3000 17.5000 H-ZF7L 1.805184 25.4584
-28.2500 -14.2560 1.5000 18.0000 ZF7 1.806277 25.3801
-14.2560 -28.2500 1.5000 18.0000 ZF7 1.806277 25.3801
-125.3100 -14.3550 1.2000 18.0000 H-ZK9 1.620405 60.2951
-14.3550 -125.3100 1.2000 18.0000 H-ZK9 1.620405 60.2951
-258.0000 -13.5210 1.3000 18.0000 ZF13 1.784724 25.7541
-13.5210 -258.0000 1.3000 18.0000 ZF13 1.784724 25.7541
-17.4980 -173.7800 1.0000 18.0000 H-ZK9 1.620405 60.2951
-173.7800 -17.4980 1.0000 18.0000 H-ZK9 1.620405 60.2951
-11.6450 -103.4000 1.8200 18.0000 H-ZF3 1.717361 29.5100
-103.4000 -11.6450 1.8200 18.0000 H-ZF3 1.717361 29.5100
-7.3800 -67.4300 1.2900 18.0000 H-ZF7L 1.805184 25.4584
-67.4300 -7.3800 1.2900 18.0000 H-ZF7L 1.805184 25.4584
-28.2500 -14.2560 6.1720 18.0000 H-ZF7L 1.805184 25.4584
-14.2560 -28.2500 6.1720 18.0000 H-ZF7L 1.805184 25.4584
-24.4040 -63.0260 3.0000 18.0000 H-ZK9B 1.620412 60.3739
-63.0260 -24.4040 3.0000 18.0000 H-ZK9B 1.620412 60.3739
-12.0780 -33.9500 1.5000 18.5000 H-ZF7L 1.805184 25.4584
-33.9500 -12.0780 1.5000 18.5000 H-ZF7L 1.805184 25.4584
-20.2800 -15.5600 1.5000 18.5000 ZF7L 1.805190 25.4712
-15.5600 -20.2800 1.5000 18.5000 ZF7L 1.805190 25.4712
-13.8273 -1000.4500 0.9940 18.8000 H-ZF62 1.922866 20.8821
-1000.4500 -13.8273 0.9940 18.8000 H-ZF62 1.922866 20.8821
-11.4550 -21.1800 1.5000 19.0000 H-ZK9 1.620405 60.2951
-21.1800 -11.4550 1.5000 19.0000 H-ZK9 1.620405 60.2951
-11.2200 -25.4700 3.0700 19.0000 H-K9 1.5164 64.0800
-25.4700 -11.2200 3.0700 19.0000 H-K9 1.5164 64.0800
-42.0700 -16.4440 1.3000 19.0000 ZF7 1.806277 25.3801
-16.4440 -42.0700 1.3000 19.0000 ZF7 1.806277 25.3801
-35.8060 -13.1830 1.3000 19.0000 ZF13 1.784724 25.7541
-13.1830 -35.8060 1.3000 19.0000 ZF13 1.784724 25.7541
-263.0000 -15.4880 1.3000 19.0000 ZF13 1.784724 25.7541
-15.4880 -263.0000 1.3000 19.0000 ZF13 1.784724 25.7541
-751.6000 -15.4880 1.5000 19.0000 ZF52 1.846669 23.8275
-15.4880 -751.6000 1.5000 19.0000 ZF52 1.846669 23.8275
-9.4400 -17.3200 1.5000 19.0000 H-ZF1 1.647693 33.8423
-17.3200 -9.4400 1.5000 19.0000 H-ZF1 1.647693 33.8423
-19.4540 -175.6800 1.5000 19.5000 ZF3 1.717365 29.5104
-175.6800 -19.4540 1.5000 19.5000 ZF3 1.717365 29.5104
-25.7600 0.0000 2.0000 19.8000 H-ZF2 1.672702 32.1789
0.0000 -25.7600 2.0000 19.8000 H-ZF2 1.672702 32.1789
-25.4700 -15.3710 2.0000 20.0000 ZF13 1.784724 25.7541
-15.3710 -25.4700 2.0000 20.0000 ZF13 1.784724 25.7541
-25.7600 0.0000 2.0000 20.0000 H-ZF2 1.672702 32.1789
0.0000 -25.7600 2.0000 20.0000 H-ZF2 1.672702 32.1789
-19.6000 -25.4000 1.7000 20.0000 ZF7 1.806277 25.3801
-25.4000 -19.6000 1.7000 20.0000 ZF7 1.806277 25.3801
-25.4000 -19.6000 5.6500 20.0000 H-ZF7L 1.805184 25.4584
-19.6000 -25.4000 5.6500 20.0000 H-ZF7L 1.805184 25.4584
-15.3710 -25.4700 7.7400 20.0000 H-ZF13 1.784721 25.7197
-25.4700 -15.3710 7.7400 20.0000 H-ZF13 1.784721 25.7197
-50.0200 -15.5800 1.8000 20.0000 H-K9L 1.516797 64.2124
-15.5800 -50.0200 1.8000 20.0000 H-K9L 1.516797 64.2124
-24.7200 -14.9620 1.9000 20.0000 ZF13 1.784724 25.7541
-14.9620 -24.7200 1.9000 20.0000 ZF13 1.784724 25.7541
-36.6500 -46.0700 2.6600 20.0000 H-K9L 1.516797 64.2124
-46.0700 -36.6500 2.6600 20.0000 H-K9L 1.516797 64.2124
-16.4060 -61.2400 1.1000 20.5000 ZF13 1.784724 25.7541
-61.2400 -16.4060 1.1000 20.5000 ZF13 1.784724 25.7541
-16.4000 -61.1400 1.2000 20.5000 H-ZF13 1.784721 25.7197
-61.1400 -16.4000 1.2000 20.5000 H-ZF13 1.784721 25.7197
-16.1400 -61.1400 1.2000 20.5000 H-ZF13 1.784721 25.7197
-61.1400 -16.1400 1.2000 20.5000 H-ZF13 1.784721 25.7197
-17.9900 -18.2000 5.2760 21.0000 H-ZLAF76 1.850136 30.0604
-18.2000 -17.9900 5.2760 21.0000 H-ZLAF76 1.850136 30.0604
-36.0000 -159.0000 1.0000 21.0000 H-ZK50 1.607382 56.6670
-159.0000 -36.0000 1.0000 21.0000 H-ZK50 1.607382 56.6670
-36.0000 -159.0000 1.0000 21.0000 H-ZF50 1.740773 27.7617
-159.0000 -36.0000 1.0000 21.0000 H-ZF50 1.740773 27.7617
0.0000 -12.7060 2.1000 21.0000 ZF7 1.806277 25.3801
-12.7060 0.0000 2.1000 21.0000 ZF7 1.806277 25.3801
-15.3500 -59.4700 1.5000 21.4000 H-ZF4 1.728248 28.3216
-59.4700 -15.3500 1.5000 21.4000 H-ZF4 1.728248 28.3216
-447.0000 -20.4600 1.9000 21.5000 H-ZF13 1.784721 25.7197
-20.4600 -447.0000 1.9000 21.5000 H-ZF13 1.784721 25.7197
-20.4600 -447.0000 5.0800 21.5000 H-ZF13 1.784721 25.7197
-447.0000 -20.4600 5.0800 21.5000 H-ZF13 1.784721 25.7197
-17.0000 -17.0000 7.8300 21.6000 H-ZF52GT 1.846666 23.7873
-17.0000 -17.0000 2.0000 21.6000 H-ZF52GT 1.846666 23.7873
-105.2000 -105.2000 2.0000 22.0000 H-F4 1.620047 36.3479
-85.9400 -15.8850 1.5000 22.5000 ZF13 1.784724 25.7541
-15.8850 -85.9400 1.5000 22.5000 ZF13 1.784724 25.7541
-37.5800 -19.0990 1.9000 22.5000 H-ZF7L 1.805184 25.4584
-19.0990 -37.5800 1.9000 22.5000 H-ZF7L 1.805184 25.4584
-19.0990 -37.5800 22.5000 22.5000 H-ZF7L 1.805184 25.4584
-37.5800 -19.0990 22.5000 22.5000 H-ZF7L 1.805184 25.4584
-37.5800 -19.0990 7.2900 22.5000 H-ZF7L 1.805184 25.4584
-19.0990 -37.5800 7.2900 22.5000 H-ZF7L 1.805184 25.4584
-85.9400 -15.8850 1.5000 22.5000 H-ZF13 1.784721 25.7197
-15.8850 -85.9400 1.5000 22.5000 H-ZF13 1.784721 25.7197
-33.0400 -18.3650 1.7000 22.5000 ZF7 1.806277 25.3801
-18.3650 -33.0400 1.7000 22.5000 ZF7 1.806277 25.3801
-82.2200 -20.8000 2.0000 23.0000 ZF7 1.806277 25.3801
-20.8000 -82.2200 2.0000 23.0000 ZF7 1.806277 25.3801
-20.9400 -342.0000 1.5000 23.0000 ZF4 1.728251 28.3239
-342.0000 -20.9400 1.5000 23.0000 ZF4 1.728251 28.3239
-37.0700 -17.7830 7.9000 23.0000 H-ZF7L 1.805184 25.4584
-17.7830 -37.0700 7.9000 23.0000 H-ZF7L 1.805184 25.4584
-24.4300 -13.8356 5.8100 23.0000 H-K9L 1.516797 64.2124
-13.8356 -24.4300 5.8100 23.0000 H-K9L 1.516797 64.2124
-17.4660 0.0000 2.1000 23.0000 H-ZF7L 1.805184 25.4584
0.0000 -17.4660 2.1000 23.0000 H-ZF7L 1.805184 25.4584
-27.8600 -16.9040 2.2000 23.0000 ZF13 1.784724 25.7541
-16.9040 -27.8600 2.2000 23.0000 ZF13 1.784724 25.7541
-27.4300 -310.0000 2.1100 24.0000 H-ZLAF76 1.850136 30.0604
-310.0000 -27.4300 2.1100 24.0000 H-ZLAF76 1.850136 30.0604
-42.4600 0.0000 3.7000 24.0000 H-K9 1.5164 64.0800
0.0000 -42.4600 3.7000 24.0000 H-K9 1.5164 64.0800
-43.2500 -21.8800 1.6000 24.0000 ZF52 1.846669 23.8275
-21.8800 -43.2500 1.6000 24.0000 ZF52 1.846669 23.8275
-85.0000 -16.2500 3.8000 24.0000 H-QF1 1.548141 45.8330
-16.2500 -85.0000 3.8000 24.0000 H-QF1 1.548141 45.8330
-18.8360 -751.6000 1.5000 24.0000 H-QK3L 1.487491 70.4196
-751.6000 -18.8360 1.5000 24.0000 H-QK3L 1.487491 70.4196
-85.0000 -16.2500 3.8000 24.0000 QF1 1.548100 45.8862
-16.2500 -85.0000 3.8000 24.0000 QF1 1.548100 45.8862
-12.2180 -164.0600 1.3000 25.0000 H-K9L 1.516797 64.2124
-164.0600 -12.2180 1.3000 25.0000 H-K9L 1.516797 64.2124
-31.9500 -21.2800 1.5000 25.0000 H-ZF13 1.784721 25.7197
-21.2800 -31.9500 1.5000 25.0000 H-ZF13 1.784721 25.7197
-28.9100 -54.7400 1.4000 25.0000 F4 1.620047 36.3567
-54.7400 -28.9100 1.4000 25.0000 F4 1.620047 36.3567
-43.2500 -21.8800 1.6000 25.0000 ZF52 1.846669 23.8275
-21.8800 -43.2500 1.6000 25.0000 ZF52 1.846669 23.8275
-97.7200 -97.7200 1.4000 25.0000 H-K9 1.5164 64.0800
-26.2700 -83.7900 2.0000 25.0000 H-ZF6 1.755205 27.5474
-83.7900 -26.2700 2.0000 25.0000 H-ZF6 1.755205 27.5474
-28.9000 -54.6000 1.5000 25.0000 H-F4 1.620047 36.3479
-54.6000 -28.9000 1.5000 25.0000 H-F4 1.620047 36.3479
-28.9100 -54.7400 1.4000 25.0000 H-F4 1.620047 36.3479
-54.7400 -28.9100 1.4000 25.0000 H-F4 1.620047 36.3479
-18.0500 -95.0000 1.9000 25.0000 H-ZF13 1.784721 25.7197
-95.0000 -18.0500 1.9000 25.0000 H-ZF13 1.784721 25.7197
-35.9300 -83.5900 2.0000 25.0000 H-ZF4 1.728248 28.3216
-83.5900 -35.9300 2.0000 25.0000 H-ZF4 1.728248 28.3216
-120.2400 -34.6000 2.3000 25.0000 H-ZF12 1.761823 26.6132
-34.6000 -120.2400 2.3000 25.0000 H-ZF12 1.761823 26.6132
-46.5600 -50.0000 1.5000 25.0000 ZF4 1.728251 28.3239
-50.0000 -46.5600 1.5000 25.0000 ZF4 1.728251 28.3239
-95.0000 -18.0500 1.9000 25.0000 ZF13 1.784724 25.7541
-18.0500 -95.0000 1.9000 25.0000 ZF13 1.784724 25.7541
-20.0000 -303.0000 1.9000 25.0000 ZF13 1.784724 25.7541
-303.0000 -20.0000 1.9000 25.0000 ZF13 1.784724 25.7541
0.0000 -16.4000 2.0000 25.0000 H-ZF13GT 1.784721 25.7197
-16.4000 0.0000 2.0000 25.0000 H-ZF13GT 1.784721 25.7197
-87.5700 -291.0700 2.5000 25.4000 H-LAF4 1.749501 35.0209
-291.0700 -87.5700 2.5000 25.4000 H-LAF4 1.749501 35.0209
-68.5400 -112.2100 2.5000 25.4000 H-ZF7LA 1.805189 25.4773
-112.2100 -68.5400 2.5000 25.4000 H-ZF7LA 1.805189 25.4773
-65.3100 -111.5100 1.5000 25.4000 H-ZF7L 1.805184 25.4584
-111.5100 -65.3100 1.5000 25.4000 H-ZF7L 1.805184 25.4584
-57.6800 -93.1100 2.5000 25.4000 H-ZF7L 1.805184 25.4584
-93.1100 -57.6800 2.5000 25.4000 H-ZF7L 1.805184 25.4584
-62.7500 -87.5700 2.0000 25.4000 H-ZF7LA 1.805189 25.4773
-87.5700 -62.7500 2.0000 25.4000 H-ZF7LA 1.805189 25.4773
-115.4500 -194.5400 2.0000 25.4000 H-ZF7LA 1.805189 25.4773
-194.5400 -115.4500 2.0000 25.4000 H-ZF7LA 1.805189 25.4773
-28.1200 -112.0800 1.8000 25.4000 H-ZF7L 1.805184 25.4584
-112.0800 -28.1200 1.8000 25.4000 H-ZF7L 1.805184 25.4584
-27.0500 -33.9100 2.0000 25.4000 H-ZBAF52 1.670031 47.1975
-33.9100 -27.0500 2.0000 25.4000 H-ZBAF52 1.670031 47.1975
-39.0200 -39.1700 2.0000 25.4000 H-BAK7 1.568832 56.0596
-39.1700 -39.0200 2.0000 25.4000 H-BAK7 1.568832 56.0596
-33.0000 -115.5000 4.0000 25.4000 H-LAK51 1.696798 55.5129
-115.5000 -33.0000 4.0000 25.4000 H-LAK51 1.696798 55.5129
-32.9000 -144.5000 4.0000 25.4000 H-LAK51 1.696798 55.5129
-144.5000 -32.9000 4.0000 25.4000 H-LAK51 1.696798 55.5129
-39.1000 -455.2000 10.0000 25.4000 H-LAK51 1.696798 55.5129
-455.2000 -39.1000 10.0000 25.4000 H-LAK51 1.696798 55.5129
-23.6600 -900.0000 26.0000 25.4000 H-ZF7L 1.805184 25.4584
-900.0000 -23.6600 26.0000 25.4000 H-ZF7L 1.805184 25.4584
-52.0000 -111.5100 2.5000 25.4000 H-ZF7LA 1.805189 25.4773
-111.5100 -52.0000 2.5000 25.4000 H-ZF7LA 1.805189 25.4773
-96.6100 -2000.0000 25.4000 25.4000 H-ZF4 1.728248 28.3216
-2000.0000 -96.6100 25.4000 25.4000 H-ZF4 1.728248 28.3216
-48.7500 -59.0200 2.0000 25.4000 H-ZBAF52 1.670031 47.1975
-59.0200 -48.7500 2.0000 25.4000 H-ZBAF52 1.670031 47.1975
-33.9600 -32.5100 2.0000 25.4000 H-ZBAF52 1.670031 47.1975
-32.5100 -33.9600 2.0000 25.4000 H-ZBAF52 1.670031 47.1975
-23.3400 -19.2000 3.0000 25.6000 H-ZF52A 1.846670 23.7912
-19.2000 -23.3400 3.0000 25.6000 H-ZF52A 1.846670 23.7912
-23.3400 -19.2000 3.0000 25.6000 H-ZF52GT 1.846666 23.7873
-19.2000 -23.3400 3.0000 25.6000 H-ZF52GT 1.846666 23.7873
-117.2200 -24.1000 2.5000 26.0000 ZF7 1.806277 25.3801
-24.1000 -117.2200 2.5000 26.0000 ZF7 1.806277 25.3801
-72.7800 -23.4400 2.2000 26.0000 ZF7 1.806277 25.3801
-23.4400 -72.7800 2.2000 26.0000 ZF7 1.806277 25.3801
-147.9100 -24.7200 1.5000 26.0000 ZF10 1.688934 31.1848
-24.7200 -147.9100 1.5000 26.0000 ZF10 1.688934 31.1848
-63.5300 -22.3900 2.2000 26.0000 H-ZF7L 1.805184 25.4584
-22.3900 -63.5300 2.2000 26.0000 H-ZF7L 1.805184 25.4584
-334.2000 -20.3200 1.9000 26.0000 ZF13 1.784724 25.7541
-20.3200 -334.2000 1.9000 26.0000 ZF13 1.784724 25.7541
-117.2200 -24.1000 2.5000 26.0000 H-ZF7L 1.805184 25.4584
-24.1000 -117.2200 2.5000 26.0000 H-ZF7L 1.805184 25.4584
-55.7200 -22.0900 2.0000 26.0000 H-ZF7L 1.805184 25.4584
-22.0900 -55.7200 2.0000 26.0000 H-ZF7L 1.805184 25.4584
-160.6100 -8.6400 1.3000 26.0000 TF3 1.612423 44.0935
-8.6400 -160.6100 1.3000 26.0000 TF3 1.612423 44.0935
-22.0300 -45.7100 2.2000 26.0000 ZF13 1.784724 25.7541
-45.7100 -22.0300 2.2000 26.0000 ZF13 1.784724 25.7541
-90.7800 -748.2000 3.0000 26.0000 H-K9L 1.516797 64.2124
-748.2000 -90.7800 3.0000 26.0000 H-K9L 1.516797 64.2124
-75.6800 -64.3100 2.3000 27.0000 F4 1.620047 36.3567
-64.3100 -75.6800 2.3000 27.0000 F4 1.620047 36.3567
-39.9900 -22.2300 2.1000 27.0000 ZF7 1.806277 25.3801
-22.2300 -39.9900 2.1000 27.0000 ZF7 1.806277 25.3801
-125.3100 -23.1200 1.8000 27.0000 ZF7 1.806277 25.3801
-23.1200 -125.3100 1.8000 27.0000 ZF7 1.806277 25.3801
-89.1300 -89.1300 2.3000 27.0000 F1 1.603417 38.0149
-74.6400 -63.3900 2.3000 27.0000 H-F4 1.620047 36.3479
-63.3900 -74.6400 2.3000 27.0000 H-F4 1.620047 36.3479
-22.2300 -39.9900 9.0160 27.0000 H-ZF7L 1.805184 25.4584
-39.9900 -22.2300 9.0160 27.0000 H-ZF7L 1.805184 25.4584
-75.6800 -64.3100 2.3000 27.0000 H-F4 1.620047 36.3479
-64.3100 -75.6800 2.3000 27.0000 H-F4 1.620047 36.3479
-253.8000 -62.5000 2.3000 27.0000 H-ZBAF21 1.723418 38.0220
-62.5000 -253.8000 2.3000 27.0000 H-ZBAF21 1.723418 38.0220
-770.9000 -110.1500 2.3000 27.0000 H-ZK3 1.589128 61.2476
-110.1500 -770.9000 2.3000 27.0000 H-ZK3 1.589128 61.2476
-173.7800 -173.7800 2.0000 27.5000 H-K9 1.5164 64.0800
-69.1800 -346.7000 2.3000 27.5000 H-K9 1.5164 64.0800
-346.7000 -69.1800 2.3000 27.5000 H-K9 1.5164 64.0800
-346.7000 -69.1800 2.3000 27.5000 H-K9 1.5164 64.1170
-69.1800 -346.7000 2.3000 27.5000 H-K9 1.5164 64.1170
-21.0100 -82.1500 1.3000 28.2000 H-QF1 1.548141 45.8330
-82.1500 -21.0100 1.3000 28.2000 H-QF1 1.548141 45.8330
-54.8126 -29.5733 1.7500 28.4000 H-ZF52 1.846666 23.7873
-29.5733 -54.8126 1.7500 28.4000 H-ZF52 1.846666 23.7873
-40.8984 -25.1669 6.4275 29.0000 H-ZF71 1.808108 22.6906
-25.1669 -40.8984 6.4275 29.0000 H-ZF71 1.808108 22.6906
-39.1700 -100.6900 2.2000 30.0000 H-ZF7L 1.805184 25.4584
-100.6900 -39.1700 2.2000 30.0000 H-ZF7L 1.805184 25.4584
-97.7200 -33.9100 2.0000 30.0000 H-ZF7L 1.805184 25.4584
-33.9100 -97.7200 2.0000 30.0000 H-ZF7L 1.805184 25.4584
-28.8400 0.0000 5.5078 30.0000 H-ZF52A 1.846670 23.7912
0.0000 -28.8400 5.5078 30.0000 H-ZF52A 1.846670 23.7912
-49.9940 -42.6830 4.5000 30.0000 H-FK61B 1.496998 81.5947
-42.6830 -49.9940 4.5000 30.0000 H-FK61B 1.496998 81.5947
0.0000 -28.8400 1.3000 30.0000 H-ZF52A 1.846670 23.7912
-28.8400 0.0000 1.3000 30.0000 H-ZF52A 1.846670 23.7912
-564.9000 -30.9000 1.4000 31.0000 H-ZF52A 1.846670 23.7912
-30.9000 -564.9000 1.4000 31.0000 H-ZF52A 1.846670 23.7912
-32.1510 -20.7290 3.7000 31.0000 H-ZLAF69 1.816001 46.5692
-20.7290 -32.1510 3.7000 31.0000 H-ZLAF69 1.816001 46.5692
-18.0000 -607.3800 7.8700 31.0000 ZF10 1.688934 31.1848
-607.3800 -18.0000 7.8700 31.0000 ZF10 1.688934 31.1848
-564.9000 -30.9000 5.7800 31.0000 H-ZF52A 1.846670 23.7912
-30.9000 -564.9000 5.7800 31.0000 H-ZF52A 1.846670 23.7912
-92.4700 -92.4700 2.8000 34.0000 H-F4 1.620047 36.3479
-969.6000 -54.0500 1.5000 34.0000 H-F1 1.603423 38.0091
-54.0500 -969.6000 1.5000 34.0000 H-F1 1.603423 38.0091
-20.6300 -163.2800 1.3000 35.0000 H-ZF2 1.672702 32.1789
-163.2800 -20.6300 1.3000 35.0000 H-ZF2 1.672702 32.1789
-64.1180 -357.4940 4.5000 36.0000 H-F4 1.620047 36.3479
-357.4940 -64.1180 4.5000 36.0000 H-F4 1.620047 36.3479
-164.2300 -279.8100 3.0000 37.0000 H-ZF7LA 1.805189 25.4773
-279.8100 -164.2300 3.0000 37.0000 H-ZF7LA 1.805189 25.4773
-42.4000 -23.7700 1.8000 39.0000 H-ZK3 1.589128 61.2476
-23.7700 -42.4000 1.8000 39.0000 H-ZK3 1.589128 61.2476
-145.5500 -23.1900 1.3000 39.0000 H-LAK10 1.651133 55.9038
-23.1900 -145.5500 1.3000 39.0000 H-LAK10 1.651133 55.9038
-34.6000 0.0000 5.0000 41.4000 F13 1.625884 35.7137
0.0000 -34.6000 5.0000 41.4000 F13 1.625884 35.7137
0.0000 -34.6000 5.0000 41.4000 H-F13 1.625886 35.7138
-34.6000 0.0000 5.0000 41.4000 H-F13 1.625886 35.7138
-53.4600 -74.4400 1.5000 41.6000 H-ZLAF66GT 1.800999 34.9721
-74.4400 -53.4600 1.5000 41.6000 H-ZLAF66GT 1.800999 34.9721
-46.9900 -25.1800 1.6500 42.6000 H-ZF6 1.755205 27.5474
-25.1800 -46.9900 1.6500 42.6000 H-ZF6 1.755205 27.5474
-180.3000 -180.3000 3.5000 43.0000 H-F4 1.620047 36.3479
-221.8000 -150.3100 3.5000 43.0000 H-F4 1.620047 36.3479
-150.3100 -221.8000 3.5000 43.0000 H-F4 1.620047 36.3479
-94.3990 -27.4150 2.0000 45.0000 H-ZK3 1.589128 61.2476
-27.4150 -94.3990 2.0000 45.0000 H-ZK3 1.589128 61.2476
-65.3000 -38.4600 2.5000 46.0000 H-K9 1.5164 64.0800
-38.4600 -65.3000 2.5000 46.0000 H-K9 1.5164 64.0800
-131.0600 -91.5800 3.0000 47.0000 H-ZF2 1.672702 32.1789
-91.5800 -131.0600 3.0000 47.0000 H-ZF2 1.672702 32.1789
-148.5900 -107.4000 3.8000 47.0000 ZF2 1.672707 32.1810
-107.4000 -148.5900 3.8000 47.0000 ZF2 1.672707 32.1810
-148.5900 -107.4000 8.2700 47.0000 H-ZF2 1.672702 32.1789
-107.4000 -148.5900 8.2700 47.0000 H-ZF2 1.672702 32.1789
-133.0500 -195.8800 5.0000 48.0000 H-ZF2 1.672702 32.1789
-195.8800 -133.0500 5.0000 48.0000 H-ZF2 1.672702 32.1789
-62.5000 -28.0000 5.0000 48.0000 H-LAK5A 1.677903 55.5597
-28.0000 -62.5000 5.0000 48.0000 H-LAK5A 1.677903 55.5597
-36.8000 0.0000 3.0000 48.8000 H-LAF53 1.743305 49.2380
0.0000 -36.8000 3.0000 48.8000 H-LAF53 1.743305 49.2380
-85.4700 -85.4700 1.4600 50.0000 H-BAF5 1.605624 43.8806
-328.1000 -148.5900 3.5000 50.0000 H-K9 1.5164 64.0800
-148.5900 -328.1000 3.5000 50.0000 H-K9 1.5164 64.0800
-161.5000 -376.2500 3.0000 50.8000 H-ZF7LA 1.805189 25.4773
-376.2500 -161.5000 3.0000 50.8000 H-ZF7LA 1.805189 25.4773
-146.1400 -1235.9000 2.6000 50.8000 H-ZF7LA 1.805189 25.4773
-1235.9000 -146.1400 2.6000 50.8000 H-ZF7LA 1.805189 25.4773
-48.3100 -259.4000 2.5000 50.8000 H-ZF7LA 1.805189 25.4773
-259.4000 -48.3100 2.5000 50.8000 H-ZF7LA 1.805189 25.4773
-407.5800 -86.5000 3.0000 53.0000 ZF3 1.717365 29.5104
-86.5000 -407.5800 3.0000 53.0000 ZF3 1.717365 29.5104
-126.4700 -126.4700 4.0000 54.0000 F4 1.620047 36.3567
-215.1300 -215.1300 4.0000 54.0000 ZF2 1.672707 32.1810
-168.9700 -180.1340 9.2000 54.0000 H-ZF2 1.672702 32.1789
-180.1340 -168.9700 9.2000 54.0000 H-ZF2 1.672702 32.1789
-215.1300 -215.1300 7.4020 54.0000 H-ZF2 1.672702 32.1789
-126.4700 -126.4700 9.8310 54.0000 H-F4 1.620047 36.3479
-181.9240 -203.1620 5.0000 54.0000 H-ZF2 1.672702 32.1789
-203.1620 -181.9240 5.0000 54.0000 H-ZF2 1.672702 32.1789
-215.3000 -215.3000 4.0000 54.0000 ZF2 1.672707 32.1810
-31.6000 -163.3000 5.0000 56.0000 H-LAK2A 1.692114 54.5705
-163.3000 -31.6000 5.0000 56.0000 H-LAK2A 1.692114 54.5705
-180.6000 -37.7600 1.5000 58.9700 H-K9 1.5164 64.0800
-37.7600 -180.6000 1.5000 58.9700 H-K9 1.5164 64.0800
-220.7000 -38.6440 3.0000 64.0000 H-BAK7 1.568832 56.0596
-38.6440 -220.7000 3.0000 64.0000 H-BAK7 1.568832 56.0596
-224.2100 -46.0000 2.0000 65.0000 H-K9L 1.516797 64.2124
-46.0000 -224.2100 2.0000 65.0000 H-K9L 1.516797 64.2124
-282.4120 -49.5140 2.0000 68.5000 H-ZK9 1.620405 60.2951
-49.5140 -282.4120 2.0000 68.5000 H-ZK9 1.620405 60.2951
